Simulation,Iteration,S=0,S=1,S=2
1,0,0.299485208,0.418233771,0.282281022
1,1,0.277518979,0.399415346,0.323065675
1,2,0.269446818,0.380577379,0.349975803
1,3,0.251971873,0.389827977,0.35820015
1,4,0.238805258,0.376889448,0.384305294
1,5,0.223871247,0.376397932,0.399730821
1,6,0.204592232,0.379755615,0.415652152
1,7,0.197540307,0.365733846,0.436725847
1,8,0.189882771,0.377295275,0.432821954
1,9,0.181293846,0.360216098,0.458490056
1,10,0.170994175,0.355399616,0.473606209
1,11,0.155315812,0.366043837,0.478640351
1,12,0.148477884,0.353374125,0.498147992
1,13,0.144491462,0.35788437,0.497624168
1,14,0.122039889,0.364464533,0.513495577
1,15,0.134680349,0.354289242,0.511030409
1,16,0.116725944,0.344770495,0.538503561
1,17,0.120181464,0.333683764,0.546134772
1,18,0.11720028,0.333623017,0.549176703
1,19,0.10397454,0.33998123,0.55604423
1,20,0.105487352,0.3477937,0.546718947
1,21,0.099477912,0.3339982,0.566523889
1,22,0.090810669,0.342382103,0.566807229
1,23,0.085925678,0.350999519,0.563074803
1,24,0.089961807,0.354472499,0.555565694
1,25,0.080406065,0.338204862,0.581389073
1,26,0.079827593,0.33250288,0.587669526
1,27,0.061794359,0.322835553,0.615370087
1,28,0.069423724,0.327463945,0.603112332
1,29,0.058046207,0.328163788,0.613790005
1,30,0.062862033,0.325574325,0.611563642
1,31,0.062408308,0.32995132,0.607640372
1,32,0.062295335,0.33333915,0.604365515
1,33,0.0500216,0.345150038,0.604828362
1,34,0.048729842,0.327742243,0.623527915
1,35,0.048155518,0.330732845,0.621111637
1,36,0.041819064,0.316253032,0.641927904
1,37,0.0481821,0.331844815,0.619973084
1,38,0.04224164,0.310079206,0.647679154
1,39,0.040007681,0.323481967,0.636510352
1,40,0.041437429,0.326510259,0.632052312
1,41,0.036421274,0.314429709,0.649149017
1,42,0.031163467,0.319063914,0.649772618
1,43,0.03284736,0.306851629,0.660301011
1,44,0.028643779,0.307841318,0.663514903
1,45,0.031062465,0.30512967,0.663807865
1,46,0.033282708,0.320823661,0.645893631
1,47,0.027949664,0.317546692,0.654503644
1,48,0.029175341,0.29725262,0.673572039
1,49,0.028508379,0.327029716,0.644461905
1,50,0.029008709,0.313412352,0.657578939
1,51,0.028400509,0.308264619,0.663334872
1,52,0.029384991,0.300204899,0.67041011
1,53,0.027789957,0.308380734,0.663829308
1,54,0.028856951,0.307984768,0.663158281
1,55,0.028366887,0.310196573,0.661436539
1,56,0.028324683,0.309079034,0.662596283
1,57,0.028557305,0.311260444,0.660182252
1,58,0.029566565,0.301222587,0.669210848
1,59,0.02877951,0.295974662,0.675245828
1,60,0.029184808,0.294741156,0.676074036
1,61,0.02855329,0.301262648,0.670184062
1,62,0.028802005,0.297034597,0.674163398
1,63,0.028524658,0.299734164,0.671741178
1,64,0.028194834,0.295254128,0.676551038
1,65,0.029603316,0.280484071,0.689912614
1,66,0.028741536,0.300356431,0.670902033
1,67,0.029221925,0.30000539,0.670772685
1,68,0.029213564,0.285589315,0.685197121
1,69,0.028875865,0.287750374,0.683373761
1,70,0.029296523,0.285839048,0.684864428
1,71,0.028869963,0.287337741,0.683792296
1,72,0.029352891,0.281000239,0.68964687
1,73,0.029469433,0.288980418,0.681550148
1,74,0.029162492,0.280496354,0.690341154
1,75,0.029492122,0.277266934,0.693240944
1,76,0.029257074,0.279648718,0.691094208
1,77,0.028782202,0.297797955,0.673419843
1,78,0.029816717,0.273282946,0.696900338
1,79,0.029490934,0.273089582,0.697419484
1,80,0.029767182,0.269995044,0.700237774
1,81,0.029210398,0.264490963,0.706298639
1,82,0.0291214,0.275600386,0.695278214
1,83,0.029261708,0.274476041,0.696262251
1,84,0.029721283,0.270135388,0.70014333
1,85,0.030006106,0.281532377,0.688461517
1,86,0.029755157,0.275365535,0.694879308
1,87,0.030034713,0.266866909,0.703098378
1,88,0.030382303,0.254530797,0.7150869
1,89,0.029643408,0.270199013,0.700157579
1,90,0.029677187,0.262477914,0.707844899
1,91,0.029876783,0.261265945,0.708857272
1,92,0.029801872,0.254255245,0.715942884
1,93,0.029922611,0.265849828,0.704227561
1,94,0.029914625,0.260317787,0.709767587
1,95,0.030108313,0.254608262,0.715283425
1,96,0.030485731,0.246213851,0.723300418
1,97,0.029530722,0.259584487,0.710884792
1,98,0.029850576,0.256281325,0.7138681
1,99,0.030649705,0.258023549,0.711326746
2,0,0.297835078,0.406752313,0.295412609
2,1,0.278592781,0.389398776,0.332008442
2,2,0.276909519,0.376472566,0.346617915
2,3,0.254189862,0.379763122,0.366047016
2,4,0.232672567,0.375502156,0.391825277
2,5,0.224399066,0.382584398,0.393016535
2,6,0.214287793,0.375513088,0.410199118
2,7,0.202467584,0.359253987,0.438278429
2,8,0.185606428,0.363724821,0.450668751
2,9,0.183632642,0.354063042,0.462304316
2,10,0.167241009,0.357300155,0.475458836
2,11,0.155093049,0.35569711,0.489209842
2,12,0.151438556,0.364008298,0.484553146
2,13,0.149602415,0.361108082,0.489289503
2,14,0.139367058,0.350779505,0.509853437
2,15,0.124347231,0.352024322,0.523628448
2,16,0.122693969,0.349171997,0.528134035
2,17,0.124539655,0.336410551,0.539049794
2,18,0.119167919,0.345626328,0.535205753
2,19,0.110816911,0.342368852,0.546814238
2,20,0.103112633,0.333202362,0.563685005
2,21,0.104331151,0.339289286,0.556379562
2,22,0.086974837,0.351408084,0.561617079
2,23,0.091232455,0.327240592,0.581526953
2,24,0.081603571,0.324354856,0.594041573
2,25,0.081000689,0.334336367,0.584662944
2,26,0.076790223,0.348232761,0.574977016
2,27,0.071222053,0.336207999,0.592569948
2,28,0.06683625,0.330313942,0.602849808
2,29,0.06332579,0.33273414,0.60394007
2,30,0.054013009,0.338079777,0.607907214
2,31,0.062052714,0.318698194,0.619249092
2,32,0.051665495,0.322206215,0.62612829
2,33,0.062016348,0.322954642,0.61502901
2,34,0.050478526,0.322767955,0.62675352
2,35,0.055055269,0.321816213,0.623128518
2,36,0.039117539,0.336702851,0.624179609
2,37,0.047791913,0.314015611,0.638192477
2,38,0.045137612,0.333932103,0.620930285
2,39,0.045616095,0.323058724,0.631325181
2,40,0.031683486,0.314036811,0.654279703
2,41,0.033988995,0.303129948,0.662881057
2,42,0.037890037,0.315106001,0.647003962
2,43,0.033697301,0.322637197,0.643665502
2,44,0.032759768,0.319254364,0.647985868
2,45,0.028375133,0.312797722,0.658827145
2,46,0.035462316,0.303978976,0.660558708
2,47,0.039622671,0.304160321,0.656217008
2,48,0.02895511,0.311988318,0.659056571
2,49,0.028836295,0.303390285,0.66777342
2,50,0.028149396,0.300498226,0.671352378
2,51,0.028496099,0.319191248,0.652312653
2,52,0.028583473,0.29869703,0.672719497
2,53,0.028111199,0.305293035,0.666595767
2,54,0.028543886,0.310001874,0.66145424
2,55,0.029172006,0.297428682,0.673399312
2,56,0.030369334,0.293684049,0.675946616
2,57,0.028337015,0.306347504,0.665315481
2,58,0.028812055,0.290870731,0.680317214
2,59,0.028228886,0.29172785,0.680043264
2,60,0.028204719,0.30977313,0.662022151
2,61,0.028889857,0.305629731,0.665480412
2,62,0.028818242,0.294823022,0.676358735
2,63,0.028592665,0.298271781,0.673135554
2,64,0.028588007,0.288234847,0.683177146
2,65,0.028726027,0.298460994,0.672812979
2,66,0.029690831,0.276656533,0.693652637
2,67,0.029450131,0.291646799,0.67890307
2,68,0.029493448,0.271444228,0.699062324
2,69,0.02813127,0.27856343,0.693305299
2,70,0.02925413,0.284328311,0.68641756
2,71,0.02865482,0.292309292,0.679035888
2,72,0.029149566,0.289578945,0.681271489
2,73,0.029757074,0.281832288,0.688410637
2,74,0.029262412,0.276838637,0.693898951
2,75,0.029191684,0.282352288,0.688456028
2,76,0.03022113,0.281180291,0.68859858
2,77,0.028938195,0.272992902,0.698068903
2,78,0.028932869,0.284492231,0.6865749
2,79,0.029684314,0.269149389,0.701166297
2,80,0.029758601,0.272103854,0.698137545
2,81,0.029515952,0.269774229,0.700709819
2,82,0.028568166,0.292669732,0.678762101
2,83,0.029333616,0.27409805,0.696568334
2,84,0.029035674,0.274917463,0.696046863
2,85,0.029114123,0.270657869,0.700228008
2,86,0.028935744,0.268186999,0.702877257
2,87,0.029901092,0.272017764,0.698081144
2,88,0.029897633,0.26939697,0.700705396
2,89,0.030206323,0.252367857,0.71742582
2,90,0.030047842,0.267641144,0.702311014
2,91,0.030183914,0.262638061,0.707178025
2,92,0.02970522,0.263446321,0.706848459
2,93,0.029804522,0.256698714,0.713496764
2,94,0.029493065,0.260725971,0.709780964
2,95,0.029916068,0.264717245,0.705366687
2,96,0.030947803,0.232545767,0.73650643
2,97,0.030288295,0.251081254,0.718630451
2,98,0.030847642,0.239522977,0.72962938
2,99,0.030497983,0.256578969,0.712923048
3,0,0.291752734,0.404048912,0.304198354
3,1,0.281721907,0.392373292,0.325904801
3,2,0.257690011,0.397928188,0.3443818
3,3,0.242070193,0.394839013,0.363090794
3,4,0.231798602,0.378007087,0.390194312
3,5,0.223125007,0.38490854,0.391966452
3,6,0.201894143,0.374108493,0.423997364
3,7,0.200354007,0.362076384,0.437569608
3,8,0.194536475,0.362597444,0.442866082
3,9,0.170178148,0.377297418,0.452524435
3,10,0.170826084,0.377132404,0.452041512
3,11,0.158710069,0.358480533,0.482809398
3,12,0.15039539,0.337592993,0.512011617
3,13,0.14421979,0.352844597,0.502935613
3,14,0.135009031,0.347180788,0.51781018
3,15,0.125958579,0.345659739,0.528381682
3,16,0.125446402,0.340623463,0.533930135
3,17,0.130531117,0.33545691,0.534011974
3,18,0.113905897,0.354652131,0.531441972
3,19,0.113305308,0.340992617,0.545702075
3,20,0.103772124,0.348317838,0.547910038
3,21,0.095033422,0.342673311,0.562293268
3,22,0.093775342,0.328587651,0.577637007
3,23,0.092425956,0.340566867,0.567007176
3,24,0.088054278,0.33518954,0.576756182
3,25,0.08060425,0.333872253,0.585523496
3,26,0.077563353,0.332886265,0.589550382
3,27,0.084097891,0.327637894,0.588264215
3,28,0.073686836,0.321760691,0.604552473
3,29,0.063931265,0.33040965,0.605659085
3,30,0.060591526,0.331483845,0.607924629
3,31,0.056416534,0.33230979,0.611273676
3,32,0.066155062,0.323029389,0.610815549
3,33,0.060136386,0.334475807,0.605387807
3,34,0.051833162,0.326261815,0.621905023
3,35,0.058676767,0.323775076,0.617548157
3,36,0.049396414,0.323999029,0.626604557
3,37,0.042327216,0.316973711,0.640699073
3,38,0.046872921,0.315463801,0.637663278
3,39,0.041681628,0.308834244,0.649484128
3,40,0.041641129,0.318957455,0.639401416
3,41,0.029904168,0.325117718,0.644978115
3,42,0.030820498,0.324763926,0.644415576
3,43,0.03953975,0.30882027,0.65163998
3,44,0.038350459,0.316562945,0.645086596
3,45,0.036798003,0.318471242,0.644730756
3,46,0.038985141,0.313437237,0.647577621
3,47,0.030718161,0.288084582,0.681197257
3,48,0.028523809,0.303396948,0.668079243
3,49,0.029072344,0.300943919,0.669983736
3,50,0.02861333,0.315236071,0.656150599
3,51,0.028550201,0.308035358,0.663414441
3,52,0.028504684,0.295016121,0.676479195
3,53,0.028539467,0.307028152,0.664432382
3,54,0.029408744,0.297956549,0.672634706
3,55,0.028933939,0.295347079,0.675718981
3,56,0.028678702,0.294481802,0.676839496
3,57,0.028602703,0.30417804,0.667219257
3,58,0.028034323,0.304747692,0.667217985
3,59,0.028697771,0.291517673,0.679784556
3,60,0.028457909,0.305747499,0.665794592
3,61,0.028805822,0.295787586,0.675406592
3,62,0.029313125,0.301360404,0.669326471
3,63,0.028575198,0.289473813,0.681950989
3,64,0.029069477,0.291719142,0.679211381
3,65,0.028942782,0.295127767,0.67592945
3,66,0.028933205,0.296472003,0.674594793
3,67,0.029140454,0.281340146,0.689519399
3,68,0.029429526,0.289465577,0.681104896
3,69,0.028896603,0.30066655,0.670436847
3,70,0.029088636,0.286727931,0.684183432
3,71,0.029256326,0.287971173,0.6827725
3,72,0.028775325,0.290229628,0.680995048
3,73,0.02954716,0.280088848,0.690363992
3,74,0.02883128,0.276337419,0.694831301
3,75,0.028882143,0.283557256,0.687560601
3,76,0.02880566,0.285404089,0.68579025
3,77,0.030265899,0.26198354,0.707750561
3,78,0.028950641,0.264851552,0.706197807
3,79,0.029886034,0.269292472,0.700821494
3,80,0.029749153,0.27522888,0.695021967
3,81,0.029607358,0.264537798,0.705854844
3,82,0.029336452,0.276152465,0.694511083
3,83,0.029816271,0.274276425,0.695907304
3,84,0.028789087,0.270251965,0.700958947
3,85,0.029152257,0.272808957,0.698038786
3,86,0.029550798,0.272347867,0.698101335
3,87,0.029194418,0.257712663,0.71309292
3,88,0.029566671,0.263842565,0.706590764
3,89,0.030019891,0.260715522,0.709264587
3,90,0.029650507,0.247076693,0.7232728
3,91,0.029489878,0.267039785,0.703470337
3,92,0.029849902,0.258465735,0.711684363
3,93,0.03063196,0.249206099,0.720161941
3,94,0.029920382,0.262247417,0.707832201
3,95,0.0303341,0.25664784,0.71301806
3,96,0.030374717,0.236869548,0.732755735
3,97,0.031166838,0.248600213,0.720232949
3,98,0.030073031,0.245104265,0.724822704
3,99,0.03052584,0.256524018,0.712950143
4,0,0.306529031,0.395605278,0.297865691
4,1,0.279866482,0.401863125,0.318270393
4,2,0.26380566,0.379093114,0.357101226
4,3,0.255157198,0.395517636,0.349325166
4,4,0.240731163,0.386240317,0.37302852
4,5,0.221089839,0.371363483,0.407546678
4,6,0.210075704,0.38330331,0.406620987
4,7,0.201817301,0.377285549,0.42089715
4,8,0.188684326,0.365430225,0.44588545
4,9,0.173038616,0.37229685,0.454664534
4,10,0.171978969,0.354129442,0.473891589
4,11,0.166632855,0.339862215,0.49350493
4,12,0.153949466,0.3674315,0.478619035
4,13,0.154069835,0.345857107,0.500073058
4,14,0.147828165,0.353454616,0.49871722
4,15,0.129462841,0.350835477,0.519701682
4,16,0.12484851,0.347996777,0.527154714
4,17,0.123163348,0.349889092,0.52694756
4,18,0.114596075,0.341642453,0.543761471
4,19,0.112475682,0.333114475,0.554409842
4,20,0.102898418,0.328943828,0.568157754
4,21,0.097040323,0.327344316,0.57561536
4,22,0.090780169,0.340200598,0.569019233
4,23,0.089363903,0.327265522,0.583370575
4,24,0.082935254,0.337385983,0.579678763
4,25,0.083646396,0.32741418,0.588939425
4,26,0.06998587,0.32663221,0.60338192
4,27,0.078690653,0.322731582,0.598577765
4,28,0.058033271,0.343924605,0.598042125
4,29,0.065718917,0.328679895,0.605601188
4,30,0.058576511,0.334479585,0.606943904
4,31,0.051846624,0.33707486,0.611078516
4,32,0.047675687,0.330335899,0.621988415
4,33,0.049138205,0.33163547,0.619226325
4,34,0.051482204,0.327418474,0.621099322
4,35,0.045522208,0.338638438,0.615839354
4,36,0.040958448,0.326443492,0.632598061
4,37,0.050654505,0.315452506,0.633892989
4,38,0.037008799,0.330740157,0.632251044
4,39,0.042795086,0.324091825,0.633113089
4,40,0.03454698,0.313063491,0.652389529
4,41,0.031300866,0.325105379,0.643593755
4,42,0.031474249,0.326542554,0.641983196
4,43,0.036214086,0.310573251,0.653212663
4,44,0.028553539,0.310415176,0.661031285
4,45,0.030842058,0.320411874,0.648746068
4,46,0.028535732,0.310811832,0.660652435
4,47,0.029179627,0.310245374,0.660574999
4,48,0.027763045,0.311034442,0.661202513
4,49,0.03510261,0.316617521,0.648279868
4,50,0.028591226,0.309915898,0.661492876
4,51,0.028589243,0.318267937,0.65314282
4,52,0.028186713,0.313030803,0.658782484
4,53,0.028618369,0.304183444,0.667198187
4,54,0.028168096,0.31729021,0.654541694
4,55,0.027850031,0.308671708,0.663478261
4,56,0.02894107,0.284884833,0.686174096
4,57,0.029101011,0.294245356,0.676653633
4,58,0.029153693,0.281399504,0.689446803
4,59,0.028436596,0.291341367,0.680222037
4,60,0.02883277,0.285423975,0.685743255
4,61,0.029096685,0.290416512,0.680486803
4,62,0.028999762,0.306398232,0.664602006
4,63,0.029294144,0.280244544,0.690461312
4,64,0.028700936,0.291149619,0.680149445
4,65,0.029135406,0.294026669,0.676837925
4,66,0.029003222,0.289235698,0.68176108
4,67,0.029006395,0.289863453,0.681130152
4,68,0.029293482,0.268178778,0.70252774
4,69,0.02879698,0.275835713,0.695367307
4,70,0.028375071,0.292612623,0.679012306
4,71,0.029527758,0.276040766,0.694431476
4,72,0.028417752,0.291353188,0.68022906
4,73,0.029450541,0.270283041,0.700266418
4,74,0.029735167,0.270201861,0.700062971
4,75,0.028985306,0.267482052,0.703532642
4,76,0.029234787,0.288585661,0.682179552
4,77,0.029368763,0.272025349,0.698605889
4,78,0.029086507,0.27658578,0.694327713
4,79,0.02952615,0.276600381,0.693873469
4,80,0.029358368,0.272292261,0.698349372
4,81,0.0289124,0.279499936,0.691587664
4,82,0.029291534,0.276778391,0.693930075
4,83,0.029823513,0.26126729,0.708909197
4,84,0.029717395,0.267428387,0.702854218
4,85,0.028979813,0.278830736,0.692189451
4,86,0.02972428,0.27038452,0.6998912
4,87,0.030341522,0.255984701,0.713673777
4,88,0.03026205,0.254500086,0.715237864
4,89,0.02927391,0.267420066,0.703306023
4,90,0.030236729,0.272796511,0.69696676
4,91,0.03052307,0.25731717,0.712159759
4,92,0.02912761,0.260286613,0.710585777
4,93,0.02949839,0.270485323,0.700016287
4,94,0.029782422,0.27018052,0.700037058
4,95,0.029431279,0.26694502,0.703623701
4,96,0.030255086,0.262311938,0.707432977
4,97,0.030940961,0.259134366,0.709924673
4,98,0.030289503,0.249878654,0.719831844
4,99,0.030551126,0.254415652,0.715033223
5,0,0.300202967,0.406116204,0.293680829
5,1,0.28373366,0.397281002,0.318985339
5,2,0.26931052,0.392316859,0.338372621
5,3,0.241550611,0.396614676,0.361834713
5,4,0.245185815,0.361074159,0.393740026
5,5,0.226925365,0.389509429,0.383565207
5,6,0.206176262,0.383253389,0.410570349
5,7,0.195570964,0.356035645,0.448393391
5,8,0.183831332,0.372987258,0.44318141
5,9,0.17989129,0.366150717,0.453957994
5,10,0.16212237,0.3681117,0.46976593
5,11,0.170551574,0.353877482,0.475570944
5,12,0.15430029,0.359943784,0.485755927
5,13,0.142009362,0.35690628,0.501084358
5,14,0.134631807,0.354776138,0.510592056
5,15,0.126815005,0.351441954,0.521743041
5,16,0.130510538,0.350226925,0.519262537
5,17,0.122748401,0.34960306,0.527648539
5,18,0.108325498,0.342734868,0.548939634
5,19,0.112871648,0.338815289,0.548313063
5,20,0.102539766,0.33278213,0.564678104
5,21,0.098664594,0.333527664,0.567807742
5,22,0.089789411,0.3410383,0.569172289
5,23,0.084915728,0.34006508,0.575019192
5,24,0.091135648,0.341128958,0.567735394
5,25,0.081192484,0.340884517,0.577922999
5,26,0.083304991,0.326289124,0.590405885
5,27,0.071708562,0.33830883,0.589982608
5,28,0.065963463,0.342105139,0.591931398
5,29,0.066738771,0.325251374,0.608009855
5,30,0.072315116,0.322858638,0.604826246
5,31,0.056321809,0.323947965,0.619730226
5,32,0.060248223,0.323243692,0.616508085
5,33,0.054666342,0.329287602,0.616046056
5,34,0.045219185,0.328455574,0.626325241
5,35,0.043213578,0.326601361,0.630185061
5,36,0.043769079,0.328926099,0.627304822
5,37,0.045176647,0.320071806,0.634751547
5,38,0.047244535,0.318305029,0.634450436
5,39,0.033027861,0.326054434,0.640917704
5,40,0.041392161,0.321795253,0.636812586
5,41,0.035957776,0.312690537,0.651351687
5,42,0.034450516,0.326488698,0.639060786
5,43,0.035278038,0.313035472,0.65168649
5,44,0.039690286,0.313167878,0.647141836
5,45,0.03182229,0.317842238,0.650335472
5,46,0.028545386,0.318511513,0.652943101
5,47,0.028663828,0.313454294,0.657881877
5,48,0.029792995,0.309010706,0.661196299
5,49,0.02866883,0.318166958,0.653164212
5,50,0.028850786,0.298180937,0.672968277
5,51,0.02916518,0.301579376,0.669255444
5,52,0.028483688,0.312353786,0.659162526
5,53,0.028194691,0.323163292,0.648642017
5,54,0.028645699,0.312187297,0.659167004
5,55,0.027840241,0.311169223,0.660990536
5,56,0.029017688,0.300630792,0.670351519
5,57,0.028996224,0.296984688,0.674019088
5,58,0.028340598,0.299169538,0.672489863
5,59,0.028312158,0.302130879,0.669556963
5,60,0.028711484,0.283263102,0.688025414
5,61,0.028756387,0.29278179,0.678461822
5,62,0.0290356,0.29596029,0.67500411
5,63,0.028512231,0.282990314,0.688497454
5,64,0.028916298,0.286664689,0.684419014
5,65,0.028762682,0.297162462,0.674074856
5,66,0.02883956,0.292910763,0.678249677
5,67,0.028747938,0.293678741,0.677573321
5,68,0.029025752,0.290584972,0.680389276
5,69,0.02973706,0.284208955,0.686053985
5,70,0.028555596,0.283814471,0.687629933
5,71,0.02943837,0.27760708,0.69295455
5,72,0.029232577,0.280429627,0.690337796
5,73,0.028939196,0.269164862,0.701895942
5,74,0.029644736,0.278433153,0.691922111
5,75,0.02909625,0.278614459,0.692289291
5,76,0.029709848,0.277562845,0.692727308
5,77,0.029548086,0.270366666,0.700085248
5,78,0.029043048,0.283843671,0.68711328
5,79,0.029271228,0.272326934,0.698401837
5,80,0.029308014,0.267199791,0.703492196
5,81,0.030035991,0.266768398,0.703195611
5,82,0.029718506,0.25462581,0.715655684
5,83,0.02926041,0.2653158,0.705423789
5,84,0.030152902,0.260264861,0.709582237
5,85,0.029502925,0.273720752,0.696776322
5,86,0.029888769,0.26899083,0.701120401
5,87,0.029427063,0.278346106,0.69222683
5,88,0.030129514,0.270058279,0.699812206
5,89,0.029863406,0.256710756,0.713425837
5,90,0.031142395,0.254159609,0.714697996
5,91,0.029932205,0.269576072,0.700491723
5,92,0.030417772,0.25106482,0.718517407
5,93,0.029786272,0.253192712,0.717021015
5,94,0.029759372,0.272116364,0.698124264
5,95,0.029829354,0.260679158,0.709491488
5,96,0.030091688,0.259233987,0.710674324
5,97,0.029665157,0.259543948,0.710790895
5,98,0.02988806,0.259613319,0.710498621
5,99,0.029598823,0.262254912,0.708146265
6,0,0.30071764,0.403675209,0.295607151
6,1,0.275904775,0.402359882,0.321735343
6,2,0.266418188,0.389863682,0.34371813
6,3,0.24817958,0.389977547,0.361842873
6,4,0.238952162,0.376276394,0.384771444
6,5,0.229274271,0.363805696,0.406920032
6,6,0.214398526,0.372693551,0.412907923
6,7,0.199327842,0.370631449,0.430040709
6,8,0.191906201,0.374348905,0.433744894
6,9,0.17230784,0.367007621,0.460684539
6,10,0.180670628,0.361819402,0.45750997
6,11,0.155271467,0.359504196,0.485224337
6,12,0.146150278,0.359426419,0.494423303
6,13,0.148763236,0.351235297,0.500001467
6,14,0.145121005,0.346513562,0.508365433
6,15,0.133372625,0.339750283,0.526877092
6,16,0.123435727,0.350046799,0.526517475
6,17,0.115465126,0.342289498,0.542245376
6,18,0.113885645,0.347590303,0.538524052
6,19,0.10289746,0.343448709,0.553653831
6,20,0.100332377,0.343724547,0.555943076
6,21,0.100415007,0.338717815,0.560867178
6,22,0.090862941,0.34065022,0.568486838
6,23,0.090576605,0.342843655,0.56657974
6,24,0.082302625,0.348020406,0.569676969
6,25,0.073372973,0.341907509,0.584719518
6,26,0.079741559,0.339826304,0.580432137
6,27,0.065809623,0.339821569,0.594368808
6,28,0.065541167,0.334790159,0.599668674
6,29,0.063707104,0.340345071,0.595947825
6,30,0.067889749,0.322110106,0.610000146
6,31,0.057255143,0.324709563,0.618035294
6,32,0.052824444,0.324212675,0.62296288
6,33,0.054088713,0.321214557,0.624696731
6,34,0.049385045,0.326576669,0.624038286
6,35,0.047781957,0.322241166,0.629976877
6,36,0.046912879,0.324481265,0.628605856
6,37,0.03872861,0.318151301,0.643120089
6,38,0.034893382,0.326166204,0.638940414
6,39,0.049347549,0.317033287,0.633619164
6,40,0.037802485,0.327456021,0.634741494
6,41,0.03782339,0.316785306,0.645391303
6,42,0.031231248,0.319250854,0.649517898
6,43,0.037483156,0.308036331,0.654480513
6,44,0.029101785,0.310415514,0.660482701
6,45,0.02910791,0.311401049,0.659491041
6,46,0.028163071,0.312376227,0.659460701
6,47,0.028988789,0.321815142,0.64919607
6,48,0.028019886,0.312088497,0.659891617
6,49,0.028623521,0.303620257,0.667756222
6,50,0.028612909,0.314095209,0.657291882
6,51,0.028333447,0.305867372,0.665799182
6,52,0.028919676,0.309088286,0.661992038
6,53,0.028944759,0.296474162,0.674581079
6,54,0.02854705,0.304230055,0.667222895
6,55,0.02856062,0.30323404,0.66820534
6,56,0.028902645,0.304603816,0.666493539
6,57,0.028749289,0.304394469,0.666856242
6,58,0.028523777,0.303366689,0.668109534
6,59,0.0292874,0.292508714,0.678203886
6,60,0.028787221,0.294516254,0.676696525
6,61,0.028858167,0.300830455,0.670311378
6,62,0.028658643,0.289812112,0.681529245
6,63,0.028205606,0.295350009,0.676444385
6,64,0.028979746,0.29359582,0.677424435
6,65,0.029245815,0.274877445,0.69587674
6,66,0.02881187,0.296180534,0.675007596
6,67,0.029318622,0.290561051,0.680120326
6,68,0.02968504,0.276340603,0.693974357
6,69,0.029135659,0.284491885,0.686372457
6,70,0.030014085,0.281387802,0.688598113
6,71,0.028774072,0.287698088,0.68352784
6,72,0.029181838,0.282626761,0.688191401
6,73,0.029211143,0.272789707,0.69799915
6,74,0.028870704,0.284845361,0.686283935
6,75,0.029143592,0.282643192,0.688213217
6,76,0.029517446,0.277946934,0.69253562
6,77,0.029305797,0.264609227,0.706084976
6,78,0.029046396,0.264703139,0.706250465
6,79,0.029814523,0.27004847,0.700137007
6,80,0.028994014,0.276653974,0.694352011
6,81,0.030255829,0.262684897,0.707059273
6,82,0.029771474,0.273188235,0.697040291
6,83,0.029813472,0.270050016,0.700136512
6,84,0.029171149,0.275261556,0.695567295
6,85,0.029958896,0.273164702,0.696876402
6,86,0.029148235,0.267239832,0.703611933
6,87,0.029671664,0.260050591,0.710277745
6,88,0.030005683,0.25440487,0.715589446
6,89,0.030063968,0.262455192,0.707480839
6,90,0.029449686,0.266429336,0.704120978
6,91,0.030620189,0.275449135,0.693930675
6,92,0.030005408,0.256346386,0.713648206
6,93,0.030264737,0.252693879,0.717041384
6,94,0.03101197,0.255341155,0.713646875
6,95,0.030059257,0.255197419,0.714743324
6,96,0.029965879,0.255619906,0.714414215
6,97,0.030346325,0.270853308,0.698800367
6,98,0.030603359,0.257831729,0.711564911
6,99,0.029521056,0.252048476,0.718430468
7,0,0.301226899,0.389234729,0.309538372
7,1,0.292262042,0.395256989,0.312480969
7,2,0.274349745,0.384634975,0.34101528
7,3,0.254148314,0.393575209,0.352276477
7,4,0.237482988,0.385638263,0.376878749
7,5,0.219400436,0.384250414,0.396349149
7,6,0.214724522,0.381881036,0.403394442
7,7,0.188427916,0.378465893,0.43310619
7,8,0.183964154,0.38819069,0.427845156
7,9,0.180479931,0.352834708,0.466685361
7,10,0.168864213,0.37083926,0.460296527
7,11,0.162706382,0.363452505,0.473841114
7,12,0.157361262,0.361612659,0.481026079
7,13,0.143636266,0.350286309,0.506077424
7,14,0.140021393,0.360867775,0.499110832
7,15,0.132507831,0.354067835,0.513424334
7,16,0.120560492,0.368481077,0.510958431
7,17,0.116475405,0.351030022,0.532494574
7,18,0.110834767,0.339454357,0.549710877
7,19,0.107055262,0.341163083,0.551781655
7,20,0.097643634,0.349090422,0.553265943
7,21,0.101572257,0.338479874,0.559947869
7,22,0.095811384,0.33959883,0.564589786
7,23,0.084238602,0.339332256,0.576429142
7,24,0.082223215,0.333518373,0.584258412
7,25,0.088782567,0.329270202,0.581947231
7,26,0.075947073,0.335558399,0.588494528
7,27,0.073803199,0.329674183,0.596522619
7,28,0.065802854,0.337400753,0.596796393
7,29,0.064346216,0.334020081,0.601633703
7,30,0.069334676,0.326384892,0.604280431
7,31,0.058507034,0.335772129,0.605720837
7,32,0.055755577,0.324538862,0.619705562
7,33,0.054029213,0.333836429,0.612134358
7,34,0.062884336,0.317983592,0.619132072
7,35,0.050233577,0.313618294,0.636148129
7,36,0.042624809,0.318738565,0.638636626
7,37,0.042330222,0.311070333,0.646599445
7,38,0.044817529,0.312468488,0.642713983
7,39,0.033126171,0.331445703,0.635428126
7,40,0.040180442,0.309735519,0.650084039
7,41,0.034146935,0.309084227,0.656768838
7,42,0.028128042,0.329441449,0.642430509
7,43,0.028533269,0.313487207,0.657979524
7,44,0.03195956,0.319011326,0.649029114
7,45,0.036135252,0.318046078,0.64581867
7,46,0.032329464,0.313115259,0.654555277
7,47,0.028431873,0.318714661,0.652853466
7,48,0.030458277,0.319314001,0.650227723
7,49,0.028552628,0.293422447,0.678024925
7,50,0.029303882,0.302903428,0.66779269
7,51,0.028240216,0.314820954,0.656938831
7,52,0.029027256,0.303232973,0.667739771
7,53,0.029080274,0.303375609,0.667544116
7,54,0.02879722,0.293302939,0.677899841
7,55,0.028843891,0.300569867,0.670586243
7,56,0.028683077,0.297977352,0.673339571
7,57,0.029628509,0.300494077,0.669877414
7,58,0.02890059,0.290538,0.68056141
7,59,0.02888616,0.302142201,0.668971639
7,60,0.029564914,0.29664865,0.673786435
7,61,0.02848097,0.28624574,0.68527329
7,62,0.029307295,0.277635648,0.693057057
7,63,0.028300497,0.305576937,0.666122566
7,64,0.028323502,0.294987897,0.676688601
7,65,0.029023025,0.28690914,0.684067835
7,66,0.029469857,0.285866638,0.684663505
7,67,0.029065965,0.289297175,0.68163686
7,68,0.029250733,0.289391502,0.681357765
7,69,0.029598348,0.278910043,0.691491609
7,70,0.030241889,0.270598404,0.699159708
7,71,0.029589987,0.283238794,0.687171218
7,72,0.029387362,0.26965387,0.700958768
7,73,0.029090291,0.282280295,0.688629414
7,74,0.029363503,0.283514021,0.687122476
7,75,0.029892726,0.27564233,0.694464944
7,76,0.029618973,0.275952709,0.694428317
7,77,0.02936261,0.294569375,0.676068015
7,78,0.029166594,0.281525172,0.689308234
7,79,0.029322094,0.269548726,0.70112918
7,80,0.028211457,0.28372025,0.688068293
7,81,0.030229168,0.26732999,0.702440841
7,82,0.029558506,0.263692049,0.706749445
7,83,0.029867254,0.271928689,0.698204057
7,84,0.030468715,0.261439046,0.708092239
7,85,0.02951571,0.284448022,0.686036269
7,86,0.029655727,0.268412496,0.701931777
7,87,0.030311202,0.262982344,0.706706454
7,88,0.029883013,0.270087189,0.700029798
7,89,0.029966386,0.266313347,0.703720266
7,90,0.030236635,0.262645345,0.707118019
7,91,0.030582303,0.254889288,0.714528409
7,92,0.031215438,0.256220417,0.712564144
7,93,0.029383062,0.27518111,0.695435828
7,94,0.030489456,0.248030106,0.721480439
7,95,0.029870404,0.271860763,0.698268833
7,96,0.030333043,0.248829899,0.720837058
7,97,0.029578145,0.257261463,0.713160393
7,98,0.030126257,0.257247587,0.712626157
7,99,0.029720655,0.254264353,0.716014992
8,0,0.312870444,0.382670727,0.304458828
8,1,0.290603785,0.389270692,0.320125522
8,2,0.261131001,0.39415045,0.344718548
8,3,0.246519632,0.383467528,0.37001284
8,4,0.23686417,0.37580731,0.387328521
8,5,0.222611353,0.38468748,0.392701168
8,6,0.212954003,0.367501853,0.419544144
8,7,0.199780566,0.374825788,0.425393646
8,8,0.185681017,0.360115154,0.454203829
8,9,0.177036248,0.356725714,0.466238038
8,10,0.16754013,0.365852346,0.466607524
8,11,0.153057487,0.353778505,0.493164008
8,12,0.154184982,0.352088586,0.493726432
8,13,0.141666368,0.352876852,0.50545678
8,14,0.132547185,0.356679022,0.510773792
8,15,0.126725016,0.358319907,0.514955076
8,16,0.127591786,0.348830511,0.523577702
8,17,0.118710868,0.348305664,0.532983468
8,18,0.113673732,0.350339942,0.535986325
8,19,0.112162016,0.336011002,0.551826982
8,20,0.105972889,0.333179151,0.56084796
8,21,0.098143791,0.336714744,0.565141465
8,22,0.094526541,0.333316571,0.572156888
8,23,0.088215097,0.33206544,0.579719463
8,24,0.081862743,0.345985219,0.572152037
8,25,0.072142036,0.347650656,0.580207308
8,26,0.08186213,0.330438582,0.587699288
8,27,0.071581709,0.3394655,0.588952791
8,28,0.063007528,0.323187468,0.613805004
8,29,0.071775299,0.320809027,0.607415674
8,30,0.058534726,0.335570913,0.605894361
8,31,0.058835431,0.33514843,0.606016138
8,32,0.061118881,0.325860165,0.613020954
8,33,0.053672635,0.327543397,0.618783968
8,34,0.056679352,0.324034583,0.619286064
8,35,0.047683724,0.317225629,0.635090647
8,36,0.055257158,0.306035596,0.638707246
8,37,0.040507486,0.316581024,0.64291149
8,38,0.047062969,0.323096002,0.629841029
8,39,0.029749443,0.319370217,0.650880339
8,40,0.033073257,0.324135434,0.642791309
8,41,0.03785364,0.320610313,0.641536048
8,42,0.03320205,0.305334005,0.661463945
8,43,0.033209491,0.317752617,0.649037891
8,44,0.03186835,0.320998759,0.647132891
8,45,0.029153864,0.314809956,0.65603618
8,46,0.028303656,0.308205731,0.663490612
8,47,0.028635954,0.317577836,0.65378621
8,48,0.028427219,0.310803335,0.660769446
8,49,0.03069247,0.316618586,0.652688944
8,50,0.027715465,0.30309552,0.669189016
8,51,0.028738253,0.299997449,0.671264298
8,52,0.029267874,0.30871427,0.662017856
8,53,0.028310453,0.301883735,0.669805812
8,54,0.028395868,0.313836785,0.657767347
8,55,0.028861642,0.300095089,0.671043269
8,56,0.029374431,0.291615474,0.679010095
8,57,0.028548966,0.302659041,0.668791992
8,58,0.028907029,0.293469196,0.677623775
8,59,0.029317742,0.290981565,0.679700693
8,60,0.028938309,0.29833365,0.672728041
8,61,0.02853631,0.301823259,0.669640431
8,62,0.02969349,0.297253417,0.673053092
8,63,0.029155991,0.300803523,0.670040485
8,64,0.028280605,0.292090983,0.679628413
8,65,0.028644251,0.295449324,0.675906426
8,66,0.029342881,0.286266488,0.68439063
8,67,0.029832813,0.285673079,0.684494108
8,68,0.029349795,0.280899227,0.689750978
8,69,0.028596077,0.289167619,0.682236304
8,70,0.028218033,0.282757228,0.689024739
8,71,0.028897099,0.272454119,0.698648782
8,72,0.028846377,0.300228795,0.670924828
8,73,0.029687811,0.275730792,0.694581397
8,74,0.029405842,0.291973969,0.678620189
8,75,0.029115439,0.292668671,0.678215891
8,76,0.029376247,0.280000739,0.690623014
8,77,0.029716298,0.27302948,0.697254221
8,78,0.029052221,0.265672299,0.70527548
8,79,0.029927795,0.277013795,0.69305841
8,80,0.029206569,0.281937423,0.688856008
8,81,0.030525416,0.269919946,0.699554637
8,82,0.03003164,0.257641353,0.712327008
8,83,0.02991548,0.277080146,0.693004373
8,84,0.02918136,0.270942504,0.699876136
8,85,0.029223724,0.283364738,0.687411538
8,86,0.03059579,0.260955346,0.708448864
8,87,0.030470296,0.271016778,0.698512927
8,88,0.029781481,0.276258019,0.6939605
8,89,0.029771722,0.264333336,0.705894942
8,90,0.029854287,0.260410953,0.709734761
8,91,0.029877944,0.268921684,0.701200372
8,92,0.029910844,0.253855501,0.716233655
8,93,0.030138168,0.268837497,0.701024335
8,94,0.031413905,0.256588904,0.711997191
8,95,0.030519949,0.245040898,0.724439153
8,96,0.029879606,0.250799031,0.719321362
8,97,0.030619949,0.232096562,0.737283489
8,98,0.030650782,0.257836572,0.711512646
8,99,0.031034385,0.240696885,0.72826873
9,0,0.296945613,0.40056039,0.302493998
9,1,0.279256511,0.39898239,0.321761099
9,2,0.26930432,0.379868353,0.350827327
9,3,0.25011469,0.378831544,0.371053766
9,4,0.229876652,0.383344854,0.386778494
9,5,0.228832859,0.371858444,0.399308697
9,6,0.218140322,0.378866771,0.402992907
9,7,0.201949755,0.359142121,0.438908123
9,8,0.195769442,0.35783819,0.446392368
9,9,0.18583029,0.356777965,0.457391745
9,10,0.175845925,0.358472865,0.46568121
9,11,0.165481152,0.368458895,0.466059953
9,12,0.151453671,0.346442548,0.502103781
9,13,0.142911365,0.35256371,0.504524925
9,14,0.149180625,0.346042023,0.504777352
9,15,0.130970825,0.353585629,0.515443546
9,16,0.116969497,0.356183161,0.526847342
9,17,0.124395834,0.333244681,0.542359485
9,18,0.107966307,0.35213302,0.539900674
9,19,0.111495598,0.349126159,0.539378244
9,20,0.106140878,0.340858013,0.553001109
9,21,0.099335974,0.332737475,0.567926551
9,22,0.088155576,0.340985445,0.570858979
9,23,0.088477951,0.340532854,0.570989195
9,24,0.080774408,0.332943395,0.586282197
9,25,0.082391916,0.333624797,0.583983287
9,26,0.07715482,0.338888124,0.583957056
9,27,0.080790604,0.334748555,0.584460841
9,28,0.066093672,0.330723707,0.603182621
9,29,0.064570644,0.337041957,0.598387399
9,30,0.061745856,0.323176941,0.615077203
9,31,0.059062644,0.325648637,0.61528872
9,32,0.061759022,0.329129096,0.609111882
9,33,0.052634872,0.338627012,0.608738116
9,34,0.059144415,0.326214476,0.614641109
9,35,0.050106844,0.333414028,0.616479128
9,36,0.045344646,0.317821518,0.636833836
9,37,0.041040532,0.312256122,0.646703346
9,38,0.046202372,0.326111197,0.62768643
9,39,0.0392986,0.326134033,0.634567366
9,40,0.037888402,0.316677704,0.645433894
9,41,0.035253832,0.290142732,0.674603436
9,42,0.034149154,0.308337008,0.657513837
9,43,0.030371935,0.323519345,0.64610872
9,44,0.037204419,0.301298396,0.661497185
9,45,0.033539051,0.317879129,0.64858182
9,46,0.028044923,0.326525715,0.645429363
9,47,0.028314904,0.323780182,0.647904914
9,48,0.02843922,0.317914129,0.65364665
9,49,0.027810894,0.301389522,0.670799584
9,50,0.028844983,0.307002681,0.664152336
9,51,0.028165501,0.310106662,0.661727837
9,52,0.028672151,0.307237453,0.664090396
9,53,0.028363846,0.302825671,0.668810483
9,54,0.029239044,0.294992385,0.675768571
9,55,0.028801775,0.297158826,0.674039398
9,56,0.028324526,0.30464927,0.667026204
9,57,0.029233054,0.294889113,0.675877833
9,58,0.027938813,0.293151048,0.67891014
9,59,0.028476145,0.298744274,0.672779582
9,60,0.028734788,0.30056568,0.670699532
9,61,0.02886889,0.301370421,0.669760689
9,62,0.028661971,0.298407301,0.672930728
9,63,0.029411783,0.292458541,0.678129676
9,64,0.028834369,0.27714996,0.694015671
9,65,0.029077893,0.283780657,0.68714145
9,66,0.028807772,0.295086853,0.676105375
9,67,0.029063372,0.277532323,0.693404305
9,68,0.029558308,0.282344495,0.688097197
9,69,0.02972321,0.282363662,0.687913128
9,70,0.029693478,0.272664968,0.697641554
9,71,0.029451529,0.275817694,0.694730777
9,72,0.028767466,0.288550206,0.682682329
9,73,0.029871346,0.281015977,0.689112677
9,74,0.02991405,0.269614741,0.700471209
9,75,0.030375133,0.284764036,0.684860831
9,76,0.029540757,0.285515315,0.684943928
9,77,0.029710015,0.262463827,0.707826158
9,78,0.028882264,0.280496153,0.690621583
9,79,0.030231048,0.267941027,0.701827925
9,80,0.029714517,0.272217701,0.698067783
9,81,0.029656156,0.270058921,0.700284922
9,82,0.029435085,0.26505624,0.705508675
9,83,0.029203768,0.266332917,0.704463315
9,84,0.02939656,0.274870453,0.695732988
9,85,0.029797982,0.268980527,0.701221492
9,86,0.030368171,0.266875721,0.702756108
9,87,0.029626859,0.269362762,0.70101038
9,88,0.029173591,0.261336354,0.709490055
9,89,0.029694972,0.255828594,0.714476434
9,90,0.029856935,0.262800126,0.707342939
9,91,0.030099907,0.255445657,0.714454436
9,92,0.030482412,0.25600011,0.713517478
9,93,0.029917861,0.266417472,0.703664667
9,94,0.029917937,0.261328539,0.708753524
9,95,0.02986434,0.262571659,0.707564001
9,96,0.029693474,0.258231021,0.712075505
9,97,0.030207172,0.245844199,0.723948629
9,98,0.029817,0.259932651,0.710250349
9,99,0.030722762,0.252975243,0.716301995
10,0,0.29454189,0.418148391,0.287309719
10,1,0.279889503,0.395246704,0.324863793
10,2,0.268468204,0.401578884,0.329952912
10,3,0.245543908,0.37925137,0.375204722
10,4,0.235544322,0.363256088,0.40119959
10,5,0.226395995,0.388105303,0.385498702
10,6,0.214215835,0.374139803,0.411644361
10,7,0.198325972,0.374379057,0.427294971
10,8,0.183588919,0.371070218,0.445340863
10,9,0.183319587,0.357677142,0.459003271
10,10,0.16906929,0.36220649,0.468724219
10,11,0.160619979,0.364572735,0.474807287
10,12,0.152447906,0.34776783,0.499784263
10,13,0.148612869,0.374318754,0.477068377
10,14,0.134696214,0.357937332,0.507366454
10,15,0.13777081,0.34476371,0.51746548
10,16,0.130031683,0.348363448,0.521604869
10,17,0.112524717,0.344773962,0.542701321
10,18,0.10787003,0.360284722,0.531845248
10,19,0.11312048,0.329057924,0.557821596
10,20,0.099492938,0.363030162,0.537476899
10,21,0.091190146,0.336431818,0.572378036
10,22,0.096549975,0.344678939,0.558771086
10,23,0.089610056,0.351238642,0.559151302
10,24,0.093005502,0.331818108,0.57517639
10,25,0.078192781,0.332944988,0.588862232
10,26,0.080304855,0.32707468,0.592620466
10,27,0.067064894,0.333039197,0.599895909
10,28,0.075549465,0.336219187,0.588231348
10,29,0.069699652,0.329236901,0.601063447
10,30,0.069146309,0.322345823,0.608507869
10,31,0.064069867,0.322555909,0.613374224
10,32,0.054886335,0.32642649,0.618687176
10,33,0.04907867,0.324310568,0.626610762
10,34,0.049476256,0.330526212,0.619997533
10,35,0.04006176,0.329134856,0.630803384
10,36,0.042133983,0.325874982,0.631991035
10,37,0.04647608,0.314341118,0.639182803
10,38,0.041636619,0.319221758,0.639141624
10,39,0.038520109,0.3199911,0.641488791
10,40,0.034328108,0.327291581,0.638380311
10,41,0.028424175,0.312973858,0.658601967
10,42,0.035549399,0.312345306,0.652105295
10,43,0.035259385,0.313819587,0.650921027
10,44,0.028770746,0.313484261,0.657744993
10,45,0.02825862,0.31637242,0.65536896
10,46,0.035721754,0.317859203,0.646419043
10,47,0.032016447,0.315711645,0.652271908
10,48,0.02853799,0.31045621,0.6610058
10,49,0.02884932,0.299748614,0.671402067
10,50,0.029740629,0.30853268,0.661726691
10,51,0.028457562,0.307643994,0.663898444
10,52,0.028578904,0.306567632,0.664853464
10,53,0.0290118,0.296754865,0.674233335
10,54,0.028744603,0.302990599,0.668264798
10,55,0.028919206,0.293751768,0.677329026
10,56,0.028200788,0.300781298,0.671017914
10,57,0.029012203,0.299152002,0.671835795
10,58,0.029084681,0.29756137,0.673353948
10,59,0.028844551,0.283863556,0.687291893
