Simulation,Iteration,S=0,S=1,S=2
1,0,0.3100592527038558,0.3819830771772848,0.30795767011885944
1,1,0.299937802190914,0.39266917590252737,0.3073930219065586
1,2,0.3073564542550679,0.3848268395932609,0.3078167061516711
1,3,0.3203781265452381,0.3749548693868372,0.3046670040679246
1,4,0.3128903349322325,0.40429314416387496,0.2828165209038927
1,5,0.31016160401080645,0.4056831873855773,0.2841552086036163
1,6,0.31688906434124414,0.3984425674176682,0.28466836824108754
1,7,0.3186936294959664,0.3870949758842661,0.29421139461976753
1,8,0.3077203404910771,0.39399102756204635,0.2982886319468765
1,9,0.3064578621705099,0.36606664057277033,0.3274754972567198
1,10,0.3219993072476454,0.3712028074225285,0.3067978853298261
1,11,0.3122233733911458,0.3847781370821727,0.3029984895266815
1,12,0.32180805688020037,0.3815919370980865,0.2966000060217131
1,13,0.2922961590568548,0.4163151951818516,0.29138864576129353
1,14,0.312887092790472,0.3962426320723298,0.2908702751371982
1,15,0.3194810959987891,0.3864833366934217,0.2940355673077892
1,16,0.3260332741167102,0.39407821859026015,0.2798885072930297
1,17,0.3446994397278923,0.37137708712494155,0.2839234731471662
1,18,0.32396087314456196,0.4004656630705929,0.2755734637848452
1,19,0.3199758567020566,0.39551917333383657,0.28450496996410685
1,20,0.33913430254795085,0.36653043440729816,0.29433526304475105
1,21,0.35502673616594715,0.3823675374117365,0.26260572642231633
1,22,0.33463242984859703,0.3863226415270264,0.2790449286243766
1,23,0.3482856713778725,0.3811184867371669,0.2705958418849606
1,24,0.34252561048453173,0.38705377937115715,0.2704206101443111
1,25,0.3351260755066111,0.38787876104479435,0.27699516344859465
1,26,0.3460426032221358,0.37042118944963004,0.28353620732823415
1,27,0.3671663256060994,0.3712967903516581,0.26153688404224257
1,28,0.3540148525838672,0.38014749198549924,0.2658376554306335
1,29,0.3548255690125317,0.3637855854277857,0.2813888455596825
1,30,0.3674702614160266,0.3620943585385935,0.2704353800453797
1,31,0.3782828769259103,0.3582306200933678,0.2634865029807219
1,32,0.37016431703527175,0.3572631554496919,0.27257252751503636
1,33,0.3574261766704146,0.38082952647036505,0.26174429685922035
1,34,0.3696738477327125,0.34138271424612066,0.288943438021167
1,35,0.3473765113052987,0.38237206023279974,0.2702514284619017
1,36,0.3911108040796747,0.3661654477936332,0.2427237481266921
1,37,0.3565587653314015,0.3694054425990699,0.27403579206952855
1,38,0.3632551883885064,0.3805341409600212,0.25621067065147235
1,39,0.38278332539205406,0.3430774832306882,0.2741391913772577
1,40,0.3908683969417504,0.3620660933359423,0.2470655097223073
1,41,0.37767289652916824,0.37061154084534337,0.2517155626254885
1,42,0.3902443695654513,0.33967001513352546,0.2700856153010233
1,43,0.378102531084413,0.3553413830175702,0.2665560858980167
1,44,0.38051777908543893,0.3729872806600822,0.24649494025447888
1,45,0.3816716398400242,0.3677762073940342,0.25055215276594156
1,46,0.3990230843751158,0.346265190481049,0.2547117251438353
1,47,0.4165336469492384,0.3373570473094376,0.24610930574132406
1,48,0.3868565940357412,0.3457011076920622,0.26744229827219657
1,49,0.37856965157719286,0.36070077253825716,0.26072957588455
1,50,0.41009310793841464,0.3569267630098578,0.23298012905172757
1,51,0.39208311278620445,0.34907778779773124,0.25883909941606414
1,52,0.39041543123762634,0.3334470243141924,0.2761375444481813
1,53,0.4048509455562562,0.3403684653647569,0.2547805890789868
1,54,0.425803279671454,0.35087852049640783,0.22331819983213824
1,55,0.4267915680795021,0.33507267405972374,0.23813575786077418
1,56,0.38722183613543315,0.359068286006483,0.2537098778580838
1,57,0.41388472430528966,0.3524023116621746,0.2337129640325356
1,58,0.42479278147842986,0.3255772686314274,0.24962994989014273
1,59,0.41870927594544416,0.33804845984394644,0.2432422642106094
1,60,0.42935763996277715,0.3368015007240765,0.23384085931314647
1,61,0.41705738592542757,0.347366537130775,0.23557607694379748
1,62,0.42918773952157663,0.372574825475205,0.19823743500321842
1,63,0.4288954743572083,0.33954306728402917,0.23156145835876252
1,64,0.431618334658968,0.3419897100229883,0.2263919553180438
1,65,0.44815281907735377,0.33789330692255365,0.21395387400009272
1,66,0.4173387788988053,0.3337374858551279,0.24892373524606676
1,67,0.4406881358058901,0.35299070510011854,0.20632115909399137
1,68,0.44495942282401973,0.3292313694332619,0.22580920774271834
1,69,0.43804960443179186,0.3251825220128106,0.23676787355539755
1,70,0.4407973346822271,0.3116810191346071,0.24752164618316574
1,71,0.47155264516177414,0.3194654035750356,0.20898195126319022
1,72,0.4380168390494019,0.3210583953406943,0.24092476560990383
1,73,0.45778739554388864,0.32212198150330257,0.22009062295280873
1,74,0.4317283964402352,0.34669187154052444,0.2215797320192404
1,75,0.44960565000586994,0.3263164367856399,0.22407791320849002
1,76,0.4528094710762694,0.32198273426845764,0.22520779465527313
1,77,0.44735088031126297,0.3411883722503165,0.21146074743842047
1,78,0.4596629964831404,0.3177336150183337,0.22260338849852593
1,79,0.42755516284116557,0.3591337224626045,0.21331111469622993
1,80,0.4547771450433095,0.32603622946599764,0.21918662549069298
1,81,0.46785556183831756,0.30458392440407683,0.22756051375760555
1,82,0.47366464140555026,0.2923679104862976,0.233967448108152
1,83,0.4688599076286139,0.3296973054983012,0.20144278687308495
1,84,0.4501350652367626,0.30673351515405056,0.2431314196091868
1,85,0.47662973944458054,0.33355646655396515,0.18981379400145437
1,86,0.4785892258806621,0.3143969279781989,0.20701384614113885
1,87,0.4746777179013244,0.3071392920408573,0.21818299005781813
1,88,0.47768131760406773,0.3033950265169057,0.2189236558790266
1,89,0.49967107206759526,0.2945548930125711,0.20577403491983373
1,90,0.487350247582937,0.3049435480931436,0.20770620432391942
1,91,0.4886054085803674,0.31464007898176155,0.1967545124378711
1,92,0.48313518721000837,0.3153785875593393,0.20148622523065232
1,93,0.4882649395468991,0.29052879035052404,0.22120627010257693
1,94,0.48301688319727176,0.30701229703588856,0.20997081976683973
1,95,0.482792629980037,0.31827566951069136,0.19893170050927153
1,96,0.4960606557421475,0.2884232147792249,0.21551612947862747
1,97,0.49451918954566876,0.30106518186764464,0.20441562858668652
1,98,0.491595575002711,0.29796712012538135,0.2104373048719077
1,99,0.5021143784807032,0.2860647860101993,0.21182083550909753
2,0,0.2941717838632742,0.3847239765778657,0.32110423955886
2,1,0.2903516377169862,0.3856613895621889,0.32398697272082494
2,2,0.31833461507225363,0.4019535660312666,0.27971181889647984
2,3,0.30954991039703694,0.3905259066975451,0.29992418290541795
2,4,0.31303381023389076,0.39586876723776737,0.29109742252834186
2,5,0.31068164200495274,0.4027634429247961,0.28655491507025116
2,6,0.33319715181324816,0.38010508207944493,0.286697766107307
2,7,0.3127645354460373,0.40039061317098157,0.2868448513829811
2,8,0.3209217877826582,0.3895404606106866,0.28953775160665535
2,9,0.31762019103819555,0.4017515248713288,0.2806282840904757
2,10,0.31334404399369137,0.396032362433462,0.29062359357284673
2,11,0.3390909643736221,0.37244442152991775,0.28846461409646007
2,12,0.34147766799676077,0.3701283341180123,0.2883939978852269
2,13,0.3325608713770538,0.3989507314938618,0.2684883971290843
2,14,0.342415359572326,0.3847203476983344,0.27286429272933965
2,15,0.33047973986703344,0.3734648439730543,0.2960554161599123
2,16,0.3290577589456482,0.3910678414522394,0.27987439960211247
2,17,0.3355898442805118,0.391445886317814,0.2729642694016743
2,18,0.3332149974646303,0.3901282016865944,0.2766568008487754
2,19,0.33299141235176166,0.3779164376872586,0.2890921499609799
2,20,0.33937304546586344,0.40772259837449715,0.25290435615963935
2,21,0.33673466302436594,0.38826426627736144,0.27500107069827273
2,22,0.3410196140658542,0.3840071998481723,0.2749731860859735
2,23,0.3583156749917581,0.37110898995702346,0.2705753350512185
2,24,0.339111502012316,0.39204755211930364,0.2688409458683804
2,25,0.34072747070035575,0.40531106693850466,0.2539614623611395
2,26,0.3780303618646927,0.367163156608616,0.25480648152669133
2,27,0.35822177795547927,0.3744480569982806,0.2673301650462402
2,28,0.3555683254856128,0.37662106026514147,0.2678106142492458
2,29,0.3795965789823979,0.3551658749815293,0.2652375460360728
2,30,0.3634585801928026,0.35491292541505004,0.28162849439214743
2,31,0.37503354805653255,0.36314449806611604,0.2618219538773514
2,32,0.3672139160943132,0.36505764907664423,0.2677284348290425
2,33,0.36288126724613884,0.3841757479310804,0.25294298482278077
2,34,0.37309656081603404,0.3778447891830956,0.24905865000087032
2,35,0.3686425692757842,0.36589819328848205,0.2654592374357338
2,36,0.3606547705908901,0.3883993970679171,0.2509458323411927
2,37,0.3818758271717631,0.3529693794766834,0.2651547933515535
2,38,0.3846009611953496,0.3375039928099954,0.27789504599465503
2,39,0.3770980783687255,0.36634599413468055,0.256555927496594
2,40,0.36629056319131786,0.36319121126050175,0.27051822554818056
2,41,0.39188403352016016,0.363099204331563,0.24501676214827683
2,42,0.3962054346321013,0.3330214351016101,0.27077313026628863
2,43,0.37451472585928014,0.35078005942573215,0.27470521471498766
2,44,0.407803358951636,0.35884986342353686,0.23334677762482717
2,45,0.3937706716337801,0.36401815754710853,0.24221117081911128
2,46,0.37403807827676716,0.36177156670003086,0.264190355023202
2,47,0.3887078826450152,0.3518888575209132,0.25940325983407164
2,48,0.39124695800626746,0.3483063882027058,0.26044665379102677
2,49,0.4072522144494925,0.34430903968668014,0.24843874586382722
2,50,0.40364649128152474,0.3468129733136584,0.24954053540481697
2,51,0.41113187313993593,0.35084049192261235,0.23802763493745174
2,52,0.4114977891003362,0.3275800059538333,0.2609222049458304
2,53,0.40107084219921113,0.350875210267278,0.24805394753351095
2,54,0.41010778585957397,0.3385756818100366,0.2513165323303894
2,55,0.4096358818376434,0.343938889109787,0.24642522905256964
2,56,0.41668597946611236,0.3450019558243227,0.2383120647095649
2,57,0.42193839898694574,0.3357413469982429,0.24232025401481133
2,58,0.4209799072363538,0.33229434330361035,0.2467257494600358
2,59,0.4222774040789547,0.334717111352487,0.24300548456855836
2,60,0.41186554201774556,0.3541302711678076,0.2340041868144469
2,61,0.4231005197119936,0.32135064199618624,0.2555488382918202
2,62,0.4232234683049451,0.32657101329817323,0.25020551839688154
2,63,0.43142385716491133,0.3381042647218175,0.23047187811327116
2,64,0.42821790261172704,0.3249959520418513,0.24678614534642165
2,65,0.4319704882406307,0.3362249038503975,0.2318046079089719
2,66,0.44469839348582696,0.34882396060507403,0.206477645909099
2,67,0.4371027878381464,0.34491713073327046,0.2179800814285832
2,68,0.4545453547449436,0.33492883015264135,0.21052581510241505
2,69,0.43899542477826137,0.33008460502210407,0.2309199701996346
2,70,0.4433253852596738,0.32630329202483704,0.23037132271548916
2,71,0.45176822669180783,0.29431682800168607,0.2539149453065061
2,72,0.46538658774161534,0.3033486971241765,0.23126471513420804
2,73,0.44771352463646624,0.33614175539411073,0.216144719969423
2,74,0.450520551793596,0.32721402387903353,0.2222654243273704
2,75,0.46239055182942596,0.33681293542990537,0.20079651274066873
2,76,0.4551204603898674,0.3237015859331692,0.22117795367696322
2,77,0.4497682475928115,0.320801564063284,0.22943018834390463
2,78,0.46404137100071374,0.3476319486669256,0.18832668033236058
2,79,0.4379138148489903,0.3297976582620865,0.23228852688892318
2,80,0.45329817476486395,0.32029583367067205,0.22640599156446398
2,81,0.46849093410455467,0.31310191097469164,0.21840715492075363
2,82,0.454936004564213,0.30735581957799984,0.23770817585778706
2,83,0.4467341793617018,0.31014914494151324,0.243116675696785
2,84,0.4676652762797397,0.3100077283274764,0.22232699539278386
2,85,0.48136422891515673,0.2973736591256813,0.22126211195916198
2,86,0.4844164175155152,0.3069511992872152,0.20863238319726962
2,87,0.5043178764461946,0.296143294371374,0.19953882918243138
2,88,0.4677048229682874,0.31978356792236373,0.21251160910934896
2,89,0.475073384405852,0.32602187776247094,0.19890473783167703
2,90,0.47428105910534335,0.31288941969888834,0.21282952119576828
2,91,0.48044882953694706,0.32303965398657536,0.1965115164764775
2,92,0.47145717422696887,0.3118039676370539,0.21673885813597726
2,93,0.5054650120954404,0.28751819161862174,0.207016796285938
2,94,0.48062668393774594,0.310479008805811,0.20889430725644317
2,95,0.4881051156387391,0.3141990978378737,0.19769578652338712
2,96,0.4904621939590823,0.3011131929065658,0.20842461313435195
2,97,0.5148407747748891,0.2983382625256062,0.18682096269950463
2,98,0.5071744566272138,0.2942061943374692,0.1986193490353168
2,99,0.5167664396710966,0.27828823739968994,0.20494532292921333
3,0,0.30597329715018934,0.38538098110752594,0.30864572174228466
3,1,0.2898800454569559,0.4171604251113625,0.2929595294316817
3,2,0.3158461406345135,0.3859016207340239,0.29825223863146266
3,3,0.32893669704774026,0.37876933152750686,0.29229397142475283
3,4,0.3219002152924375,0.381641849140631,0.2964579355669314
3,5,0.3275726047876117,0.39128208565547457,0.2811453095569138
3,6,0.30900625909776797,0.38532209483184104,0.30567164607039105
3,7,0.29533253247228664,0.41905388874854393,0.28561357877916954
3,8,0.3012517431843728,0.3753567149822644,0.3233915418333628
3,9,0.32927297019001994,0.4024829914248091,0.26824403838517097
3,10,0.3266925355136495,0.3891040781514499,0.2842033863349007
3,11,0.32426809310888094,0.390909638918122,0.284822267972997
3,12,0.3227199953659415,0.373089963058104,0.3041900415759545
3,13,0.3118586224013986,0.39600275149927894,0.29213862609932245
3,14,0.347060961160401,0.3663886222625807,0.28655041657701835
3,15,0.33350719447822863,0.40292734785636725,0.2635654576654042
3,16,0.3315241067681276,0.38273483548916054,0.28574105774271186
3,17,0.3363222742393483,0.37514686165462663,0.2885308641060252
3,18,0.3425527556424872,0.3752400738875429,0.28220717046996985
3,19,0.3355392261146968,0.3730574513409821,0.29140332254432105
3,20,0.33354997881150794,0.3902688109889147,0.27618121019957736
3,21,0.3486039424108566,0.3522337363039937,0.2991623212851497
3,22,0.35748490027082397,0.3429813557753704,0.2995337439538056
3,23,0.35739384825833787,0.3781277856660005,0.2644783660756616
3,24,0.365160416380332,0.3709831621438726,0.26385642147579547
3,25,0.3389816509521655,0.3678047613457082,0.2932135877021263
3,26,0.33462736457514464,0.37063149273386087,0.29474114269099455
3,27,0.35425847444346503,0.37965551449730994,0.266086011059225
3,28,0.3623157358852087,0.36862049564571947,0.26906376846907176
3,29,0.3748070052998643,0.35884893683783203,0.2663440578623037
3,30,0.3501407043221969,0.3892217410327702,0.260637554645033
3,31,0.38770660120495565,0.3559734439634576,0.25631995483158676
3,32,0.3664199840757268,0.37807600835583927,0.255504007568434
3,33,0.37663145187201846,0.3566265208906851,0.26674202723729656
3,34,0.35359883149759636,0.38119472789154174,0.26520644061086185
3,35,0.3508738812013281,0.3770980120837116,0.27202810671496036
3,36,0.3704617769565932,0.35353157558514,0.2760066474582668
3,37,0.3755224835282131,0.3770405537952794,0.24743696267650742
3,38,0.35027354492642543,0.37887025737626584,0.27085619769730884
3,39,0.36204826304447485,0.3786312307214217,0.25932050623410347
3,40,0.38875247045796396,0.34345131742940904,0.26779621211262694
3,41,0.401454797079805,0.33405929461382594,0.26448590830636903
3,42,0.3927800349435527,0.359012253376574,0.2482077116798732
3,43,0.37040343072592796,0.36291596910578794,0.2666806001682841
3,44,0.3826863800371071,0.360947025585755,0.256366594377138
3,45,0.38977673703854104,0.3462877047538512,0.2639355582076078
3,46,0.3646231467024195,0.3686170628135251,0.2667597904840555
3,47,0.38464047750594793,0.33297523622380937,0.2823842862702428
3,48,0.4024410308478942,0.3501159689828573,0.2474430001692485
3,49,0.417202037053121,0.33565563792174674,0.2471423250251323
3,50,0.42680727737613383,0.3341299236788861,0.23906279894498006
3,51,0.4249039578528633,0.332098099586033,0.24299794256110366
3,52,0.4126677068061371,0.34250636935258705,0.2448259238412759
3,53,0.3839298905112392,0.356198936031327,0.2598711734574337
3,54,0.42813947059641944,0.31674861047460146,0.25511191892897916
3,55,0.39929663830484713,0.3720928549745842,0.22861050672056865
3,56,0.4153658362237721,0.35255338283656096,0.23208078093966703
3,57,0.41089358739278004,0.3419544071643805,0.24715200544283952
3,58,0.4279258649859621,0.33462474245708235,0.23744939255695563
3,59,0.4097198884004086,0.3447604990175921,0.2455196125819993
3,60,0.41854876378160477,0.33552233030129536,0.24592890591709987
3,61,0.42747269856059583,0.35041415573930823,0.22211314570009594
3,62,0.40029422368213624,0.3541296964198246,0.2455760798980392
3,63,0.4119752758150131,0.3292122566206643,0.2588124675643227
3,64,0.4197105520675499,0.3535278639408783,0.22676158399157173
3,65,0.43939805111875874,0.32864885235143987,0.23195309652980134
3,66,0.42953509352395447,0.33282897654150106,0.23763592993454433
3,67,0.434395782797417,0.3404535121609945,0.22515070504158843
3,68,0.41387053131375906,0.3350739799673712,0.2510554887188696
3,69,0.42447730183567073,0.3329474065208323,0.242575291643497
3,70,0.44816044283180934,0.331084692626882,0.2207548645413087
3,71,0.434727298987901,0.3372166358040414,0.22805606520805755
3,72,0.44763029492673223,0.3423542769521856,0.21001542812108212
3,73,0.4427653078334162,0.3415159588803597,0.21571873328622418
3,74,0.43370927817554245,0.33874022802131715,0.22755049380314035
3,75,0.4435302012156439,0.30320634931563945,0.2532634494687167
3,76,0.45287679167657785,0.3237637967633204,0.22335941156010178
3,77,0.4696621662874217,0.3104598107887698,0.21987802292380854
3,78,0.4657093109259962,0.3160900223800218,0.21820066669398208
3,79,0.4575272680359513,0.3149581058625236,0.2275146261015252
3,80,0.44934722938662497,0.30612430347759856,0.24452846713577644
3,81,0.4677145203797924,0.3121774659075591,0.22010801371264846
3,82,0.4621824659361278,0.325973528774615,0.2118440052892572
3,83,0.46021600288311776,0.31518352718071513,0.22460046993616714
3,84,0.45123270062929843,0.3234534991004005,0.22531380027030118
3,85,0.45743297001692595,0.3132475243580735,0.2293195056250006
3,86,0.4619727266447456,0.3199882335584819,0.2180390397967726
3,87,0.47208212669346833,0.3203299515590426,0.20758792174748905
3,88,0.47958343848573165,0.30443517908717144,0.2159813824270968
3,89,0.4872512329179133,0.2856493224698221,0.22709944461226458
3,90,0.4701335123219514,0.311382272796451,0.21848421488159775
3,91,0.4875219568342694,0.30268628823202937,0.20979175493370117
3,92,0.46783778654198493,0.3099486532904858,0.22221356016752916
3,93,0.4933548861945063,0.2847376154855776,0.22190749831991613
3,94,0.49219368745841063,0.2850117781096857,0.22279453443190353
3,95,0.47730754910694567,0.3132946187666714,0.2093978321263829
3,96,0.4979391337222428,0.30189600922324467,0.20016485705451248
3,97,0.48023928439806884,0.31423606515428726,0.20552465044764384
3,98,0.49578528005220734,0.2919797502898015,0.21223496965799118
3,99,0.5045839196264055,0.30489204155688465,0.1905240388167099
4,0,0.2933584851079057,0.4042190476700613,0.3024224672220331
4,1,0.30701115882555396,0.4280440119917717,0.2649448291826743
4,2,0.29484453423859175,0.3862623069711993,0.31889315879020913
4,3,0.3228550745495546,0.3844289892125385,0.2927159362379069
4,4,0.3019015455030285,0.39460942985196695,0.30348902464500455
4,5,0.3136200635965521,0.40449210758180265,0.28188782882164515
4,6,0.29107669516991513,0.4064642649055969,0.302459039924488
4,7,0.3237423576201794,0.4004864178798041,0.2757712245000164
4,8,0.32069069401183764,0.4012153456224513,0.27809396036571116
4,9,0.33294121808562993,0.3635641234624496,0.30349465845192053
4,10,0.3117557387314854,0.4046887042541461,0.28355555701436846
4,11,0.32244216795671254,0.3881604130629604,0.28939741898032717
4,12,0.31298473673653426,0.39984677012641645,0.2871684931370494
4,13,0.34280800207053147,0.3688733501675492,0.2883186477619194
4,14,0.3183018011844105,0.40112139218315684,0.28057680663243256
4,15,0.3303169783671653,0.38298071308755155,0.2867023085452833
4,16,0.32976840240382727,0.36127843125544074,0.3089531663407321
4,17,0.33894693234653417,0.3775800170967533,0.2834730505567125
4,18,0.33248837183443986,0.3802393901688345,0.2872722379967257
4,19,0.33295998292607437,0.3777149834099083,0.2893250336640175
4,20,0.34262207889170304,0.3725414454947145,0.2848364756135824
4,21,0.3290659898876402,0.3724909940873275,0.29844301602503237
4,22,0.34259839997638003,0.37322850038807853,0.2841730996355413
4,23,0.33446204635922433,0.4070751171117425,0.25846283652903324
4,24,0.34297174886092907,0.37597637737795336,0.28105187376111757
4,25,0.33901356728603027,0.39450759631177007,0.2664788364021997
4,26,0.34527192920612815,0.3755370255967343,0.27919104519713756
4,27,0.36159776915445546,0.3759773193189683,0.26242491152657615
4,28,0.3683627413804476,0.36920737102942314,0.26242988759012936
4,29,0.3617220445518796,0.35946186349161857,0.27881609195650175
4,30,0.3548930198145577,0.36855191635601176,0.2765550638294306
4,31,0.3871588704160027,0.3404182091879952,0.2724229203960021
4,32,0.340044782159465,0.37052535404048287,0.2894298638000523
4,33,0.3392727854158005,0.3826777428052043,0.278049471778995
4,34,0.3769115477163632,0.3599601717618663,0.26312828052177056
4,35,0.35241344650902556,0.37675020351009697,0.2708363499808775
4,36,0.3631697125185238,0.3508148261673722,0.28601546131410405
4,37,0.39719099881812225,0.3511076342097396,0.2517013669721382
4,38,0.374439353404527,0.35924055442015923,0.2663200921753138
4,39,0.3638634345420605,0.36974480032922236,0.2663917651287171
4,40,0.36102915468617214,0.3842435830651992,0.25472726224862874
4,41,0.3855668379760842,0.3425099034648307,0.2719232585590852
4,42,0.38547258790316047,0.36510930675790404,0.24941810533893552
4,43,0.3854510538374752,0.35605269517172566,0.25849625099079904
4,44,0.40741585552257886,0.3451944154862662,0.24738972899115474
4,45,0.3758209307220334,0.368745332373674,0.25543373690429255
4,46,0.3813111712600984,0.3743801966402664,0.24430863209963524
4,47,0.40722274783208173,0.34825092048050277,0.24452633168741553
4,48,0.37908242925907354,0.3574418688483808,0.26347570189254566
4,49,0.3980044166416728,0.36693273984844993,0.23506284350987736
4,50,0.40878558626956757,0.34986319926498055,0.24135121446545194
4,51,0.4171049440640799,0.36205509743100117,0.22083995850491894
4,52,0.39454190860723054,0.3624780514964476,0.24298003989632191
4,53,0.4262887072565175,0.34838192866344714,0.22532936408003534
4,54,0.4017744177609067,0.3321697939295231,0.26605578830957016
4,55,0.4187287194348025,0.32722598390964985,0.2540452966555477
4,56,0.42061277134682856,0.34497068593205776,0.23441654272111376
4,57,0.39878221528325725,0.3402054335470723,0.2610123511696706
4,58,0.41274683416564967,0.3389170012275225,0.24833616460682775
4,59,0.42749614778727574,0.3360937691383532,0.23641008307437103
4,60,0.4379809998729876,0.3567758629039328,0.20524313722307952
4,61,0.43809936143849065,0.29227313809716715,0.2696275004643422
4,62,0.42848497849222583,0.3548409380193725,0.21667408348840164
4,63,0.4562212489025997,0.3232434491080232,0.22053530198937704
4,64,0.42431648154736135,0.32711812896114334,0.24856538949149545
4,65,0.43490837968083684,0.3049236339553091,0.2601679863638542
4,66,0.4269454286083923,0.3167007154519486,0.25635385593965915
4,67,0.439143475427258,0.3321688369902785,0.22868768758246358
4,68,0.4362028092261823,0.3238754649938618,0.23992172577995605
4,69,0.4193845724061276,0.3366664087269037,0.24394901886696865
4,70,0.43781845675126285,0.3244998749528753,0.23768166829586188
4,71,0.4327176075442852,0.33505054968592257,0.2322318427697923
4,72,0.4511503208524237,0.3234679105053139,0.2253817686422623
4,73,0.45120955493135734,0.3165043727661045,0.23228607230253806
4,74,0.44416053776576364,0.34124011421733785,0.21459934801689848
4,75,0.4407856526874171,0.330023685284483,0.2291906620281
4,76,0.4730162516666696,0.3175144331575096,0.20946931517582068
4,77,0.4386079663453995,0.330423385609051,0.23096864804554948
4,78,0.4409052127587499,0.34933950416765536,0.20975528307359487
4,79,0.4674469155272214,0.3304421007938092,0.20211098367896935
4,80,0.4690617012082932,0.31108286842785193,0.21985543036385485
4,81,0.45989005362342805,0.30619951094107756,0.23391043543549436
4,82,0.4536718067333937,0.31409178874770616,0.23223640451890012
4,83,0.4637712598927093,0.3449403224564392,0.1912884176508517
4,84,0.47398914107909673,0.32385006692022256,0.20216079200068074
4,85,0.4528984398712197,0.31957364641896124,0.22752791370981915
4,86,0.48500333175543087,0.32111391355650604,0.19388275468806304
4,87,0.4824660997630426,0.31153693631075047,0.20599696392620703
4,88,0.4739653261103767,0.30690302000537206,0.21913165388425127
4,89,0.48853922842638287,0.31248905270533966,0.19897171886827744
4,90,0.4831888102502312,0.3069021125250387,0.2099090772247302
4,91,0.4776663657337809,0.32411548204141183,0.19821815222480726
4,92,0.48302700677697746,0.31856293809736164,0.19841005512566093
4,93,0.4798823227890995,0.308274456322873,0.21184322088802757
4,94,0.488518827638226,0.3251205960310277,0.1863605763307464
4,95,0.487127940868993,0.3024727773955718,0.21039928173543512
4,96,0.5067904467560019,0.29596707135923,0.19724248188476812
4,97,0.5117506132607533,0.27537175997611363,0.21287762676313304
4,98,0.4852698774664671,0.3120910251523446,0.2026390973811882
4,99,0.49174729418176416,0.2950909988769938,0.21316170694124195
5,0,0.3092530172419377,0.39950551293547915,0.2912414698225832
5,1,0.2907842770988262,0.4071567861625403,0.3020589367386336
5,2,0.30076320685126473,0.3887483786008589,0.3104884145478765
5,3,0.3118408368297167,0.38272572539871524,0.30543343777156806
5,4,0.3016580000794459,0.3946457476484699,0.30369625227208435
5,5,0.3184220910220356,0.39094109620736156,0.29063681277060294
5,6,0.3113793337878525,0.4071609376747511,0.2814597285373965
5,7,0.30046026302152734,0.3879663209829376,0.31157341599553506
5,8,0.29798042056664786,0.41216059301602426,0.28985898641732794
5,9,0.3345230422103001,0.38658598922040616,0.2788909685692937
5,10,0.30127606876771196,0.3891773891847255,0.30954654204756255
5,11,0.3086751061909814,0.39709847970725115,0.2942264141017674
5,12,0.30825213155617415,0.4019330742104063,0.28981479423341955
5,13,0.3222018675167476,0.374891934944638,0.30290619753861436
5,14,0.32843090933258057,0.391463727209918,0.28010536345750153
5,15,0.3445550409800354,0.3605002320328222,0.29494472698714236
5,16,0.33055884545729614,0.37738067911529044,0.29206047542741337
5,17,0.3373021098994105,0.3768797936430627,0.28581809645752676
5,18,0.3234278076016927,0.37220869787580313,0.30436349452250416
5,19,0.35734288903838685,0.36451984783335833,0.2781372631282549
5,20,0.3254835432381445,0.3840619573700884,0.2904544993917671
5,21,0.3373949603383336,0.37595088151405337,0.286654158147613
5,22,0.35290125855066495,0.3756029222601744,0.27149581918916066
5,23,0.35234875247107766,0.38371357930540034,0.2639376682235219
5,24,0.35185752906501183,0.38342868821559234,0.26471378271939594
5,25,0.371230516799347,0.3675643427146919,0.26120514048596105
5,26,0.34713865449756925,0.35349294298354605,0.2993684025188847
5,27,0.359866848512988,0.378481703181447,0.26165144830556514
5,28,0.37364159077912773,0.3560663653256325,0.2702920438952398
5,29,0.3774007480197106,0.3658037837812784,0.256795468199011
5,30,0.34560462378526063,0.3852574420457723,0.2691379341689671
5,31,0.338702207465073,0.3831481404305089,0.2781496521044182
5,32,0.36030245668953575,0.3614457650524774,0.27825177825798675
5,33,0.38521173798167624,0.3696889906350942,0.24509927138322957
5,34,0.36108462129638674,0.37247997537952765,0.2664354033240856
5,35,0.3861161651953365,0.35124145999594164,0.26264237480872193
5,36,0.39308375683986063,0.35015153293550255,0.2567647102246368
5,37,0.36236010110152805,0.35409876688389774,0.28354113201457437
5,38,0.381458572422197,0.352244045360867,0.266297382216936
5,39,0.3884506225858032,0.34986553838793705,0.26168383902625975
5,40,0.37263756786047,0.3596078146456883,0.2677546174938417
5,41,0.3743118357731679,0.3534729321274658,0.2722152320993663
5,42,0.37591870286592194,0.3639317849162107,0.26014951221786736
5,43,0.3780031320000688,0.3808286555160594,0.24116821248387177
5,44,0.3752102179863803,0.3659565187805707,0.25883326323304906
5,45,0.39232427887041244,0.3499083921417931,0.2577673289877944
5,46,0.41229340950863363,0.33033154608283566,0.2573750444085306
5,47,0.379130635122405,0.3624585287619106,0.25841083611568433
5,48,0.3998455875780041,0.33049050518341666,0.2696639072385792
5,49,0.3858339470590813,0.3565430405511471,0.25762301238977153
5,50,0.40922913010966233,0.33460537335653945,0.2561654965337982
5,51,0.4110094813144893,0.31795557909221095,0.2710349395932997
5,52,0.38208807913697485,0.36217848411359715,0.255733436749428
5,53,0.39078825976888454,0.338867458986959,0.27034428124415644
5,54,0.41984378500977837,0.33077032325114036,0.24938589173908124
5,55,0.42873204830786343,0.33339083750769843,0.2378771141844382
5,56,0.42620308447196137,0.32604774635317363,0.2477491691748651
5,57,0.4140339881023831,0.3421831630213508,0.24378284887626614
5,58,0.41212417964567627,0.32357037496939056,0.2643054453849332
5,59,0.4133899157832391,0.33908153325389406,0.2475285509628668
5,60,0.4269958364527521,0.3371185161945607,0.23588564735268722
5,61,0.4280256113334281,0.35006098847844724,0.22191340018812467
5,62,0.43043287815376413,0.336896860291717,0.23267026155451873
5,63,0.43121305372691626,0.3355814589083899,0.23320548736469376
5,64,0.4268050940166963,0.34918827432826016,0.2240066316550435
5,65,0.4162491640237764,0.33693699099019614,0.24681384498602738
5,66,0.4219719890329528,0.3254480260305872,0.25257998493646006
5,67,0.43112337917312826,0.3253643029082928,0.243512317918579
5,68,0.4420881580069676,0.3366557186127566,0.22125612338027578
5,69,0.45253282058114297,0.31329079966820716,0.23417637975064987
5,70,0.4437072115712735,0.31665294486748713,0.23963984356123944
5,71,0.4412464046824779,0.3451011058754889,0.21365248944203336
5,72,0.4464703510833787,0.3191318858686026,0.2343977630480187
5,73,0.4558240935796751,0.31099381655953356,0.23318208986079136
5,74,0.45473574545025197,0.3376988554845537,0.2075653990651944
5,75,0.4497237639896796,0.31832988236758564,0.2319463536427347
5,76,0.4773745022812232,0.3061727427810215,0.2164527549377551
5,77,0.44897763983736083,0.3286861685446055,0.22233619161803378
5,78,0.4696215721075375,0.31834058444795255,0.21203784344450993
5,79,0.4477101036394484,0.3420537936161075,0.21023610274444415
5,80,0.45319235154679355,0.3219533930937752,0.22485425535943138
5,81,0.4684692123454664,0.3156606254113155,0.21587016224321812
5,82,0.445583836375561,0.32700534466418213,0.22741081896025686
5,83,0.4823793099881591,0.307300139023926,0.2103205509879149
5,84,0.4566687063927152,0.3254005052610247,0.2179307883462601
5,85,0.45242289752379616,0.3191063488882266,0.22847075358797725
5,86,0.4596588250256853,0.34269583205542375,0.19764534291889108
5,87,0.48114952815562656,0.333997336907902,0.1848531349364714
5,88,0.4799228067567253,0.32422130559939216,0.19585588764388262
5,89,0.45881715491766906,0.30635314392675156,0.23482970115557936
5,90,0.4854862581716392,0.3145904413876942,0.19992330044066645
5,91,0.4891444024879308,0.2795743694376579,0.23128122807441137
5,92,0.4754753676099657,0.3301256066484133,0.19439902574162102
5,93,0.49190020403629947,0.3028411202054694,0.20525867575823104
5,94,0.48202613054824384,0.29401980358297214,0.2239540658687839
5,95,0.4755150165725207,0.2974763213229332,0.22700866210454598
5,96,0.4955828656791431,0.2760594533643347,0.22835768095652206
5,97,0.49200047313515927,0.2876769486466166,0.2203225782182242
5,98,0.4839033289549851,0.30752175198359,0.2085749190614248
5,99,0.5028843550329246,0.28903093877776687,0.20808470618930847
6,0,0.30731419107308794,0.3916978049231005,0.3009880040038117
6,1,0.28807922386795404,0.41150912711139753,0.30041164902064843
6,2,0.29544321414617164,0.39318215985386523,0.31137462599996324
6,3,0.30460666608518056,0.3832163389402937,0.31217699497452567
6,4,0.3066462680000742,0.39014114834790786,0.303212583652018
6,5,0.3109893806466998,0.39029661094850226,0.29871400840479795
6,6,0.3155077055196532,0.3871178902939212,0.29737440418642574
6,7,0.30778824284307954,0.39102348022706274,0.3011882769298577
6,8,0.3161652677386382,0.39511270903097856,0.28872202323038315
6,9,0.3390699649601452,0.3856737671996735,0.2752562678401813
6,10,0.30456793817803535,0.38741873756659506,0.3080133242553696
6,11,0.3285693407432011,0.37602944104947605,0.29540121820732274
6,12,0.3232175582309321,0.4135721921205975,0.26321024964847034
6,13,0.30325441061288383,0.39215373711248624,0.30459185227462987
6,14,0.33100720106417025,0.3877961503103135,0.2811966486255163
6,15,0.3144184152080287,0.414224142146335,0.2713574426456364
6,16,0.34396220972286856,0.37621942803646774,0.2798183622406637
6,17,0.3434474609805784,0.3711643651273873,0.2853881738920342
6,18,0.3246093174611551,0.3796430780309858,0.295747604507859
6,19,0.3526174186353944,0.38327640987460343,0.26410617149000226
6,20,0.3490470511469065,0.3712103702380356,0.27974257861505797
6,21,0.3571326457531778,0.36329375868637265,0.2795735955604496
6,22,0.3338777166560343,0.38333473855117567,0.28278754479279006
6,23,0.33719273532233296,0.3723997493513958,0.2904075153262713
6,24,0.34001677776771994,0.40045923212661083,0.2595239901056691
6,25,0.34976038929013215,0.3727499177732319,0.2774896929366359
6,26,0.3757145685651745,0.3621317005343826,0.2621537309004429
6,27,0.3581788185942833,0.3716910201474083,0.2701301612583084
6,28,0.3495144837462215,0.3730355214061038,0.2774499948476747
6,29,0.3339210450697017,0.374667720648751,0.29141123428154725
6,30,0.3605444434238144,0.3747076146262585,0.26474794194992707
6,31,0.35173856392451636,0.3725559885718092,0.2757054475036743
6,32,0.37138694924371174,0.35985772431889007,0.26875532643739813
6,33,0.3613136516695299,0.3788249700545397,0.2598613782759305
6,34,0.3617010409886725,0.3606396416546158,0.27765931735671173
6,35,0.366667195114684,0.3791491805151383,0.2541836243701778
6,36,0.38915936921464706,0.3573236049785927,0.2535170258067603
6,37,0.3733478853431023,0.37561112608048897,0.2510409885764088
6,38,0.34955589369274226,0.38199428652592105,0.26844981978133675
6,39,0.347317451478861,0.3565140873767101,0.29616846114442896
6,40,0.38101113600141395,0.3605419485283489,0.2584469154702371
6,41,0.39169387954083507,0.3633338487642207,0.2449722716949442
6,42,0.39986080179077593,0.34776523567580614,0.252373962533418
6,43,0.37352878892041774,0.35715203575270676,0.26931917532687555
6,44,0.39522168228545707,0.3533579926007058,0.2514203251138373
6,45,0.39127657792205595,0.3549250642515871,0.2537983578263571
6,46,0.3791497215531647,0.35183823253989044,0.26901204590694494
6,47,0.3890387588348296,0.357714007159869,0.25324723400530147
6,48,0.3957395681132721,0.357823450137949,0.24643698174877887
6,49,0.3892644259359073,0.36310909982971407,0.24762647423437864
6,50,0.4132937389579669,0.37054961029725564,0.21615665074477747
6,51,0.3952324202676357,0.34918162480875986,0.25558595492360436
6,52,0.39990490190531097,0.35756509478749243,0.2425300033071965
6,53,0.413333732979176,0.3573030257295131,0.2293632412913109
6,54,0.401936378916438,0.3472853404086135,0.25077828067494845
6,55,0.40777917166197347,0.33279694138826876,0.2594238869497577
6,56,0.420871768816912,0.34112783271771285,0.2380003984653752
6,57,0.3944228224140546,0.35438833197416825,0.25118884561177707
6,58,0.4261484422517114,0.31635819718954294,0.2574933605587456
6,59,0.40195888532472995,0.3461636153369233,0.25187749933834663
6,60,0.4031391053306536,0.34400228912084196,0.25285860554850453
6,61,0.412786685060236,0.33723578301340995,0.24997753192635394
6,62,0.4168423362387489,0.32750861642421786,0.25564904733703325
6,63,0.4494716628514892,0.3338860091569875,0.21664232799152322
6,64,0.4288453954499786,0.3455421737054038,0.22561243084461757
6,65,0.43457292779738255,0.33984978322810944,0.2255772889745081
6,66,0.4264156187332237,0.31253702812467066,0.26104735314210564
6,67,0.4441901387144261,0.32555599967172877,0.2302538616138452
6,68,0.4176867167998212,0.3470391260221047,0.23527415717807404
6,69,0.4278057601220686,0.3356385219575175,0.2365557179204139
6,70,0.4492916638870351,0.3228088251203935,0.2278995109925714
6,71,0.42414959555000925,0.32242287640880113,0.2534275280411897
6,72,0.454775283003789,0.3249095183782177,0.22031519861799334
6,73,0.44091145569122686,0.3225099962172245,0.2365785480915486
6,74,0.44750109055600307,0.34260031133189384,0.20989859811210304
6,75,0.46262468477767044,0.3276546073073052,0.2097207079150244
6,76,0.43591073955022175,0.34674149480903443,0.21734776564074382
6,77,0.4549491157630853,0.33185558855564207,0.21319529568127263
6,78,0.44766877836346886,0.3370238655357219,0.2153073561008092
6,79,0.4608123702141989,0.3231023379047025,0.21608529188109868
6,80,0.47028232415269106,0.3292083365920465,0.2005093392552624
6,81,0.473470297678982,0.3129308902629179,0.21359881205810005
6,82,0.4748070675372065,0.3200554066047687,0.20513752585802486
6,83,0.46068218159253965,0.3156013676938746,0.2237164507135857
6,84,0.48094674195515463,0.3004757092669033,0.21857754877794205
6,85,0.4790723637540232,0.32986247225706383,0.19106516398891307
6,86,0.48069136290944203,0.3089303078124083,0.21037832927814956
6,87,0.47681811954322434,0.3195387737296927,0.2036431067270829
6,88,0.4669407448783622,0.3164289837825394,0.21663027133909837
6,89,0.4728087321881759,0.3009462593418903,0.22624500846993367
6,90,0.4828328531852367,0.32956082268374876,0.18760632413101438
6,91,0.46279622603670234,0.3165366892372457,0.22066708472605187
6,92,0.48407324350871234,0.31472195595511465,0.20120480053617307
6,93,0.4997190624799363,0.284891048448568,0.21538988907149562
6,94,0.46867958987067904,0.3165537126318021,0.21476669749751892
6,95,0.47550912152375757,0.33224109784965616,0.19224978062658643
6,96,0.508568438644285,0.29108271021688714,0.2003488511388278
6,97,0.5222492813801426,0.28932077249544447,0.18842994612441288
6,98,0.48653667089443037,0.30143583885142733,0.2120274902541423
6,99,0.4929777548279538,0.30510609156828905,0.2019161536037571
7,0,0.3193075917443791,0.39894689156453933,0.2817455166910817
7,1,0.3035646049736383,0.39719391332165493,0.2992414817047068
7,2,0.2948637141923509,0.4176295383836591,0.28750674742398996
7,3,0.2896639168357895,0.4114764961251391,0.29885958703907145
7,4,0.2980401356065312,0.41821369138590636,0.28374617300756244
7,5,0.2903595446248021,0.40730515428781133,0.3023353010873866
7,6,0.32242775711766103,0.37775692708648634,0.2998153157958525
7,7,0.3288514638203022,0.384300607055626,0.2868479291240718
7,8,0.3020295859114844,0.3862697662083705,0.3117006478801452
7,9,0.3220635944129156,0.381741001929864,0.2961954036572204
7,10,0.3146462547083206,0.41813275207771033,0.26722099321396897
7,11,0.3167491197180681,0.41236653320356953,0.27088434707836234
7,12,0.34085302228323894,0.38881135557072916,0.27033562214603185
7,13,0.3373983989241559,0.3916917204041016,0.27090988067174254
7,14,0.33040088778339244,0.36564432705914385,0.3039547851574637
7,15,0.32486689644676237,0.38613603687388803,0.28899706667934955
7,16,0.31519480246720283,0.3908043530088502,0.294000844523947
7,17,0.34064204073929366,0.393239663953742,0.26611829530696435
7,18,0.3319213878371686,0.3778442864898092,0.29023432567302215
7,19,0.3372263700323184,0.38949257432624784,0.2732810556414337
7,20,0.34917560479990273,0.36121935976593483,0.28960503543416244
7,21,0.3379893515885152,0.38366377012714914,0.27834687828433574
7,22,0.34074929206630217,0.36134483854044036,0.2979058693932574
