Simulation,Iteration,S=0,S=1,S=2
1,0,0.2879612081446804,0.4080828115263542,0.3039559803289654
1,1,0.3021561015917251,0.38166551521708153,0.31617838319119335
1,2,0.3013488405361277,0.4136545205397161,0.2849966389241562
1,3,0.31225319767287046,0.37369352022248664,0.314053282104643
1,4,0.28578410239186486,0.40358369284855616,0.3106322047595789
1,5,0.27801545732244515,0.41283401233319117,0.3091505303443636
1,6,0.3085024870139879,0.38205533967895705,0.30944217330705504
1,7,0.29068584873572867,0.3906440213406242,0.3186701299236471
1,8,0.26875676487787054,0.38912042985629025,0.34212280526583916
1,9,0.2920799838192459,0.39119477264372104,0.316725243537033
1,10,0.27982201103642185,0.4025336455954014,0.31764434336817676
1,11,0.3118002559746549,0.3844131525067415,0.30378659151860354
1,12,0.30150151882907333,0.3752230245976421,0.3232754565732846
1,13,0.30360404741632413,0.3701769195791338,0.326219033004542
1,14,0.3040819706931472,0.37046704279491105,0.32545098651194176
1,15,0.2977404577649455,0.3645623562879905,0.3376971859470639
1,16,0.2899620526833841,0.38982290927378765,0.32021503804282814
1,17,0.29360309088841996,0.3822418927426273,0.32415501636895266
1,18,0.28213635308692936,0.380131944064798,0.33773170284827264
1,19,0.27579107550577775,0.39584819416651673,0.3283607303277055
1,20,0.30091236676703315,0.3652591201278806,0.3338285131050863
1,21,0.2847204418396243,0.3722380522812484,0.3430415058791274
1,22,0.3029163520775127,0.37959201739011056,0.3174916305323767
1,23,0.27815480306961693,0.3960323016201061,0.32581289531027685
1,24,0.2920973215248704,0.3707093264128433,0.33719335206228634
1,25,0.2751123505792216,0.3800657387603443,0.3448219106604341
1,26,0.28364967084622084,0.37439712464194475,0.34195320451183453
1,27,0.2931615689886219,0.371270469071693,0.33556796193968513
1,28,0.28613249844572974,0.37237660972210584,0.3414908918321644
1,29,0.2984813048707353,0.3530280754606306,0.34849061966863415
1,30,0.27624878143705534,0.37045095561224595,0.3533002629506988
1,31,0.27210300122731534,0.3687181988149452,0.3591787999577395
1,32,0.2935733084872254,0.3593579722415999,0.3470687192711747
1,33,0.303245239368549,0.3597524589960239,0.3370023016354271
1,34,0.2670090568491743,0.3698207699486787,0.36317017320214695
1,35,0.28689931729823,0.37344648962828547,0.33965419307348466
1,36,0.27519300539400793,0.3464155075757674,0.37839148703022457
1,37,0.26285632110273327,0.37650672820126463,0.36063695069600216
1,38,0.26939749303040983,0.3739256462848963,0.3566768606846939
1,39,0.26472590561344994,0.35862301048377526,0.37665108390277474
1,40,0.27134836475561996,0.3650340656318673,0.3636175696125128
1,41,0.26488881103231726,0.3504569270633611,0.38465426190432167
1,42,0.26458918619446464,0.34640905918988324,0.3890017546156522
1,43,0.26523370666759777,0.3607607945428142,0.374005498789588
1,44,0.2798411412311848,0.34658377779073474,0.3735750809780803
1,45,0.28614211676587675,0.3508330443732762,0.363024838860847
1,46,0.2750300462407972,0.34170406801669234,0.38326588574251036
1,47,0.28338010316558343,0.3601366493408499,0.3564832474935667
1,48,0.2813420385650118,0.3612693701522197,0.3573885912827687
1,49,0.2843210833438261,0.3482412966870929,0.36743761996908086
1,50,0.2695859288073906,0.3539611329816058,0.3764529382110036
1,51,0.2832354960205707,0.34101749711186885,0.37574700686756035
1,52,0.26640502616064693,0.3370736466019401,0.39652132723741296
1,53,0.266669739883189,0.3532625644625886,0.38006769565422244
1,54,0.2776343835258237,0.3387003614448838,0.3836652550292925
1,55,0.25941260292272417,0.3525766365098617,0.38801076056741396
1,56,0.26478753472138367,0.3375065760065101,0.39770588927210604
1,57,0.2404990716511536,0.3564300360078834,0.40307089234096305
1,58,0.30071026262259715,0.32697774720050327,0.37231199017689964
1,59,0.26437942421242844,0.357404555770296,0.3782160200172756
1,60,0.2934031810141501,0.32670177408280004,0.37989504490304987
1,61,0.26746756532054533,0.32790293387129893,0.4046295008081556
1,62,0.2850945188766151,0.2909432014195888,0.42396227970379613
1,63,0.25822143597788055,0.3640396271459303,0.3777389368761892
1,64,0.2665346398468993,0.3382050259965713,0.3952603341565293
1,65,0.2699735700784116,0.3147247780365989,0.4153016518849896
1,66,0.27682094249324996,0.3166762654918856,0.40650279201486444
1,67,0.2708733941497231,0.3168069401046281,0.4123196657456488
1,68,0.25497868502706483,0.335290406668561,0.40973090830437414
1,69,0.2713050874976102,0.31755821146830515,0.4111367010340846
1,70,0.24789453413157847,0.33690092785185205,0.41520453801656954
1,71,0.2628099500062725,0.34286639698319116,0.3943236530105363
1,72,0.2796515428537704,0.310019086384152,0.4103293707620776
1,73,0.2765335675048442,0.3151187605169823,0.40834767197817345
1,74,0.2560018491368336,0.34328104916397467,0.40071710169919167
1,75,0.26272456689539425,0.3498374915926391,0.38743794151196664
1,76,0.24683797698852855,0.33982194195396487,0.41334008105750664
1,77,0.27941462707875364,0.33301409743246724,0.3875712754887791
1,78,0.2409697163321978,0.32505703199947583,0.4339732516683264
1,79,0.2504850410124895,0.3336924536442093,0.4158225053433012
1,80,0.257546435217057,0.31480944201615974,0.4276441227667833
1,81,0.2701556976854324,0.30234314090186565,0.4275011614127019
1,82,0.2578902716998389,0.309821332301474,0.4322883959986872
1,83,0.2605920844704576,0.3021697140400715,0.4372382014894709
1,84,0.23529240604036022,0.3305257133293459,0.43418188063029384
1,85,0.26406567755611604,0.31842498149608034,0.4175093409478036
1,86,0.22663124020725306,0.33630001835597884,0.4370687414367681
1,87,0.2547425149489554,0.3076923263948053,0.43756515865623935
1,88,0.2421156209483461,0.30854418146489476,0.4493401975867591
1,89,0.22815905942765283,0.31766446941287674,0.4541764711594704
1,90,0.25217893545125925,0.3051217909564133,0.4426992735923275
1,91,0.2525521781602687,0.2832855776227363,0.46416224421699515
1,92,0.2679734171386642,0.3048743946235555,0.4271521882377803
1,93,0.25512352697795576,0.31691646906672527,0.427960003955319
1,94,0.26528377438734874,0.3123646986955121,0.4223515269171392
1,95,0.2667426748282787,0.29272986900981085,0.44052745616191064
1,96,0.25105779707502907,0.31121863482083334,0.43772356810413754
1,97,0.25933812222448677,0.29734795454690194,0.4433139232286114
1,98,0.26048848681085945,0.3259528028107755,0.4135587103783651
1,99,0.23030193679137756,0.3179373063628136,0.45176075684580885
2,0,0.2733359530592279,0.4168512845743279,0.3098127623664442
2,1,0.3025085890847884,0.3930040710864294,0.30448733982878223
2,2,0.3029607814300211,0.3731906980267171,0.32384852054326185
2,3,0.28215760304250487,0.4071559710433297,0.31068642591416545
2,4,0.30731935712429204,0.4017646937780762,0.29091594909763174
2,5,0.28527947645986473,0.40546522847124755,0.3092552950688878
2,6,0.29692976994848364,0.3909994050383294,0.31207082501318695
2,7,0.305843072302284,0.3899754049578662,0.30418152273984983
2,8,0.2607090052295734,0.40712848060273454,0.3321625141676921
2,9,0.2828440100888992,0.39787351378751845,0.31928247612358224
2,10,0.2903751311519794,0.3841773888096907,0.32544748003832985
2,11,0.28195599843967445,0.38728526772364363,0.33075873383668203
2,12,0.31254322214505653,0.37744295150891566,0.31001382634602787
2,13,0.28642435809844546,0.4036837198836958,0.30989192201785876
2,14,0.28822426346560287,0.3798788585720253,0.3318968779623719
2,15,0.2590830643484875,0.3960595962761871,0.3448573393753254
2,16,0.313634641049903,0.3702239272061423,0.3161414317439546
2,17,0.2872218440079539,0.3772994818229056,0.3354786741691404
2,18,0.2845789341359378,0.3774199995969592,0.3380010662671031
2,19,0.29055380141114595,0.3767136664896948,0.3327325320991592
2,20,0.2934316260119453,0.3827939418565312,0.32377443213152346
2,21,0.29860293865410065,0.3791146814777623,0.32228237986813707
2,22,0.32015437229984617,0.3884312072856994,0.29141442041445437
2,23,0.3018782261924831,0.37274531170231673,0.3253764621052003
2,24,0.2838213609659322,0.3822323959416927,0.333946243092375
2,25,0.2799600668848974,0.3644210704082081,0.3556188627068945
2,26,0.2812933957640886,0.38047951543705727,0.3382270887988541
2,27,0.2721508868901974,0.38422700146781025,0.3436221116419924
2,28,0.2908462179912062,0.3750518038545551,0.3341019781542387
2,29,0.2858347405446039,0.3737949973751412,0.34037026208025484
2,30,0.27527372040001097,0.35939314766237396,0.3653331319376151
2,31,0.26883504502133765,0.37277327773876145,0.35839167723990084
2,32,0.3004787368982823,0.3490575397252285,0.3504637233764893
2,33,0.27337438762487865,0.3844424635039555,0.34218314887116585
2,34,0.26624860938934936,0.3676596552634357,0.3660917353472149
2,35,0.26450643614731206,0.3540083807846016,0.3814851830680863
2,36,0.2606691545525529,0.36514623947797564,0.3741846059694714
2,37,0.28427779329404723,0.3860050261664494,0.32971718053950333
2,38,0.27670699242336405,0.3648548468185996,0.35843816075803636
2,39,0.2697327109341461,0.37530369596849683,0.354963593097357
2,40,0.294393439381509,0.35960449968857583,0.34600206092991515
2,41,0.283319607179914,0.37166553641923394,0.345014856400852
2,42,0.280268757292166,0.36736774225810165,0.3523635004497323
2,43,0.2958031130170529,0.3569076117723167,0.34728927521063047
2,44,0.2788147244539492,0.35596482446010663,0.3652204510859442
2,45,0.2846858816867302,0.35703620896038146,0.3582779093528883
2,46,0.27590534623238666,0.35268076211466987,0.3714138916529435
2,47,0.29487461161468653,0.32797348522029734,0.37715190316501607
2,48,0.25806725888647186,0.37408102390036374,0.36785171721316445
2,49,0.2535007707893134,0.37122105074455636,0.37527817846613026
2,50,0.2701376342435672,0.37882989542678513,0.3510324703296478
2,51,0.26151949584837375,0.35564784373969194,0.3828326604119343
2,52,0.2812667261554666,0.3634907565368706,0.3552425173076629
2,53,0.26862595332629163,0.35724271693478604,0.3741313297389224
2,54,0.27332288363888974,0.3453096126884304,0.3813675036726798
2,55,0.2654253829790609,0.3680730094721735,0.36650160754876576
2,56,0.25995217201501086,0.3435485223685835,0.3964993056164057
2,57,0.2634159992211114,0.3367149613595144,0.39986903941937424
2,58,0.2792444526203325,0.35629458094350014,0.3644609664361674
2,59,0.25831492335269757,0.35135360460697507,0.3903314720403274
2,60,0.26994697610657564,0.34765190315707983,0.3824011207363445
2,61,0.2673175612695744,0.346247465979102,0.38643497275132355
2,62,0.26010962642716384,0.3461291779504278,0.3937611956224084
2,63,0.2866803287920262,0.35002886658902505,0.3632908046189488
2,64,0.24371511414645666,0.33433928637939586,0.4219455994741474
2,65,0.2541721377726104,0.3506224065685413,0.39520545565884835
2,66,0.28598478066922045,0.3371293147068154,0.376885904623964
2,67,0.25237527261317105,0.32361175433013895,0.42401297305668995
2,68,0.2728364647006911,0.3356741123359772,0.39148942296333167
2,69,0.25987385073964003,0.33375225922404245,0.4063738900363175
2,70,0.25632614387212993,0.3540053732952459,0.3896684828326242
2,71,0.2775740174151191,0.30262143144314024,0.4198045511417406
2,72,0.2600132074368648,0.3355372622001689,0.40444953036296644
2,73,0.25697975051497096,0.3354594708797827,0.40756077860524625
2,74,0.24555874819468357,0.32308946843502867,0.4313517833702878
2,75,0.26453833715895575,0.31789734428820676,0.41756431855283754
2,76,0.27383438551033734,0.31751807393754167,0.40864754055212094
2,77,0.2690532468953177,0.3242732308076614,0.406673522297021
2,78,0.2612825772980803,0.33342267506339074,0.4052947476385289
2,79,0.25632175778022026,0.3108846644232677,0.43279357779651206
2,80,0.26449785778820867,0.31466314504833953,0.4208389971634518
2,81,0.2664066652943138,0.3110415126909195,0.4225518220147666
2,82,0.24290819403647573,0.31052938737973557,0.44656241858378865
2,83,0.2529643590957499,0.32386787961463376,0.42316776128961636
2,84,0.27101625502379306,0.3217082839001094,0.4072754610760975
2,85,0.26356864043107103,0.30234128550364087,0.43409007406528816
2,86,0.24587738907508844,0.3055457367862851,0.44857687413862635
2,87,0.2519120634309141,0.33392551920386415,0.4141624173652217
2,88,0.25983276442820724,0.31859545132379186,0.4215717842480008
2,89,0.26910867220503215,0.31451478969210545,0.41637653810286235
2,90,0.2548762212443791,0.30438359813533733,0.4407401806202836
2,91,0.26104250505560345,0.3088259747821306,0.43013152016226597
2,92,0.2661350018232652,0.30454137817416826,0.4293236200025666
2,93,0.2513263160212179,0.2817301885598112,0.4669434954189709
2,94,0.25614569011981897,0.2928312084852474,0.4510231013949337
2,95,0.23525127284615943,0.3067822568437767,0.4579664703100638
2,96,0.26065045526217256,0.31338704093413444,0.4259625038036929
2,97,0.2575732530584664,0.31785309652706023,0.4245736504144735
2,98,0.23236284258853301,0.3117709695707741,0.455866187840693
2,99,0.248124886028371,0.3086891173128327,0.44318599665879627
3,0,0.30773960530443123,0.41048347202452096,0.28177692267104787
3,1,0.28751311749283986,0.40468569228109197,0.3078011902260682
3,2,0.3222546555285697,0.37346409120965524,0.30428125326177524
3,3,0.3165036690777022,0.3936200249035265,0.28987630601877123
3,4,0.2988444618072607,0.3982979368624591,0.30285760133028006
3,5,0.2857867917227292,0.40205951596517986,0.31215369231209095
3,6,0.3093867912568395,0.3878236283725092,0.3027895803706513
3,7,0.311270157505926,0.38541684345123245,0.3033129990428414
3,8,0.2977715255780449,0.3752883210684514,0.32694015335350357
3,9,0.29030502207422015,0.38406969426581505,0.3256252836599648
3,10,0.2881780456125562,0.4195793606378494,0.2922425937495943
3,11,0.28462035204276226,0.3838712934470584,0.33150835451017946
3,12,0.30854662511915615,0.3851035062726819,0.3063498686081618
3,13,0.30271940452179974,0.3806254867463316,0.3166551087318686
3,14,0.2796919502595032,0.39714955052662715,0.32315849921386963
3,15,0.30012745314963096,0.3699919916205211,0.329880555229848
3,16,0.27630120057023144,0.38216968889887754,0.341529110530891
3,17,0.312467130363391,0.37907828660701565,0.3084545830295933
3,18,0.31597710114545474,0.35762153900879745,0.32640135984574775
3,19,0.28021952683296075,0.3855747280231989,0.3342057451438403
3,20,0.29515688672242024,0.3839536315750089,0.32088948170257087
3,21,0.275570238308452,0.38406665853219607,0.3403631031593518
3,22,0.28818908599990956,0.36327322885309943,0.34853768514699107
3,23,0.29683801357979966,0.38033072500171683,0.32283126141848345
3,24,0.2778346484232809,0.36863898009798546,0.3535263714787335
3,25,0.32405174353754895,0.3617100097599999,0.31423824670245104
3,26,0.2825705019762904,0.3947218777419449,0.32270762028176464
3,27,0.3046574788862949,0.3475245875997544,0.34781793351395074
3,28,0.25996401459079815,0.364319856813611,0.37571612859559084
3,29,0.2935322720464128,0.36517699798858727,0.341290729965
3,30,0.3100426907831575,0.3357703087980401,0.35418700041880247
3,31,0.27848363017975963,0.3503275239330483,0.37118884588719203
3,32,0.25452816991628296,0.38983439918602564,0.35563743089769145
3,33,0.28787838880080263,0.37377488895334826,0.3383467222458491
3,34,0.27819091655860906,0.3825226323414148,0.33928645109997596
3,35,0.2780049012797476,0.36774544519922436,0.3542496535210282
3,36,0.30064088682808976,0.35667739742808313,0.3426817157438271
3,37,0.26811642334485475,0.3573346031443818,0.3745489735107636
3,38,0.26817463306968425,0.3628904803997727,0.3689348865305431
3,39,0.28167187954930334,0.3438162520100375,0.37451186844065915
3,40,0.2877123650136446,0.3445981311219114,0.3676895038644439
3,41,0.28766203194001494,0.3615776732855276,0.35076029477445747
3,42,0.2730525864454257,0.37013661686402793,0.35681079669054644
3,43,0.26768830972827384,0.333185796474316,0.39912589379741026
3,44,0.2822540551505661,0.33915916940184704,0.37858677544758695
3,45,0.27044974723988374,0.35869716671609786,0.37085308604401834
3,46,0.26340194684647333,0.37601539561287434,0.3605826575406524
3,47,0.26110094222666014,0.35578436092614,0.3831146968471999
3,48,0.24054067505827556,0.3682412613934133,0.3912180635483112
3,49,0.2724220811953116,0.3343030850056337,0.39327483379905465
3,50,0.2635387601991341,0.3502137543614517,0.38624748543941406
3,51,0.2819107998059034,0.35679844748569,0.3612907527084066
3,52,0.28169920672861887,0.35564935899040795,0.3626514342809733
3,53,0.28008059566866134,0.3532843714153205,0.3666350329160181
3,54,0.27593829394557834,0.3498017496789751,0.3742599563754465
3,55,0.2749644965766687,0.3339886131451484,0.3910468902781829
3,56,0.25861754801432507,0.35307664747369577,0.38830580451197916
3,57,0.2530590661781624,0.34443520561832414,0.40250572820351355
3,58,0.2654373478307536,0.3273592705364381,0.4072033816328083
3,59,0.2585784119833245,0.35300452416334904,0.3884170638533265
3,60,0.26830190212540517,0.33271994728763266,0.3989781505869621
3,61,0.25726500032809635,0.33126342500056727,0.41147157467133627
3,62,0.26730283809828637,0.35210863138266396,0.38058853051904973
3,63,0.27935083601782107,0.34258335610027696,0.37806580788190197
3,64,0.2705992953279726,0.3473781385623292,0.3820225661096982
3,65,0.27780704826722585,0.3373621428759346,0.38483080885683957
3,66,0.27344847143639145,0.328733029391482,0.39781849917212647
3,67,0.2452570514439557,0.33353802629653856,0.4212049222595057
3,68,0.2786824852100792,0.324303033494837,0.3970144812950838
3,69,0.2802945952234278,0.31842359680146765,0.40128180797510465
3,70,0.2693450055643595,0.3248054618714067,0.4058495325642339
3,71,0.26597402238734197,0.32293377636004694,0.41109220125261114
3,72,0.25855108206757615,0.3256406633054726,0.4158082546269513
3,73,0.23805640318028778,0.3409981701023945,0.42094542671731777
3,74,0.24592020105953918,0.3371348977478037,0.416944901192657
3,75,0.26595291725181136,0.3202069571903401,0.41384012555784855
3,76,0.25222192085786954,0.34337404081593825,0.40440403832619226
3,77,0.25127292454791783,0.32619481782163745,0.42253225763044466
3,78,0.25821371768325796,0.3171611868387915,0.4246250954779504
3,79,0.25367058927567915,0.32357643454826707,0.42275297617605373
3,80,0.2554653686859945,0.32184669480654077,0.4226879365074647
3,81,0.26761956309958684,0.31740146036103206,0.41497897653938115
3,82,0.2705662157326616,0.3131392066156165,0.41629457765172195
3,83,0.2825318063546742,0.29226788686663413,0.42520030677869175
3,84,0.2689848308209551,0.3195067938806218,0.41150837529842316
3,85,0.25909719444244494,0.30792155026710477,0.43298125529045034
3,86,0.2475632649743346,0.29193716382957435,0.4604995711960909
3,87,0.25749281657606243,0.3167289466470896,0.4257782367768478
3,88,0.2595470886573275,0.2920064877782454,0.44844642356442693
3,89,0.24733307188302006,0.29278111149338576,0.4598858166235942
3,90,0.2548209913198411,0.31288367359720215,0.43229533508295676
3,91,0.24257006069745235,0.3019631811620546,0.45546675814049314
3,92,0.2572739720862121,0.2803940711195252,0.46233195679426264
3,93,0.2617948740794894,0.3159184373933685,0.422286688527142
3,94,0.25342504176416764,0.3068042412237718,0.4397707170120606
3,95,0.2528215071650908,0.3054912223960204,0.44168727043888883
3,96,0.24293174670405762,0.29051964032114475,0.4665486129747976
3,97,0.24365316073653343,0.31212724887466126,0.44421959038880526
3,98,0.2697575820800502,0.2914958120149959,0.438746605904954
3,99,0.23681044379570534,0.32499769124577643,0.43819186495851825
4,0,0.30331793037725313,0.40638445080777813,0.29029761881496874
4,1,0.297665671621716,0.39432227341732395,0.3080120549609601
4,2,0.30861724842871235,0.3761602222687133,0.3152225293025743
4,3,0.30937735197203753,0.39107330493760356,0.2995493430903589
4,4,0.2769359116814695,0.40061339386964423,0.3224506944488863
4,5,0.27216922470990046,0.4027011529142264,0.32512962237587306
4,6,0.3130007118418075,0.38125996276981533,0.3057393253883772
4,7,0.2874377134511113,0.3967504145643566,0.31581187198453214
4,8,0.31251204369239355,0.38544253759343733,0.3020454187141691
4,9,0.29329711308052975,0.3926836498111814,0.3140192371082888
4,10,0.27888239513103363,0.4103459643539731,0.3107716405149932
4,11,0.2845266525730252,0.3929387142772325,0.3225346331497423
4,12,0.2836939422304714,0.37490921705031915,0.34139684071920934
4,13,0.29038568973782664,0.38549621552292224,0.32411809473925113
4,14,0.28323673980201397,0.3873258678387945,0.32943739235919145
4,15,0.290580933489891,0.3747039911709458,0.33471507533916317
4,16,0.27589701475122824,0.3773149871096632,0.34678799813910843
4,17,0.29718201941728667,0.37821618899208886,0.3246017915906244
4,18,0.2842199794475524,0.39530543715568134,0.3204745833967663
4,19,0.28265521429278406,0.39851214157848985,0.318832644128726
4,20,0.28715250916669793,0.37389813896931007,0.33894935186399205
4,21,0.2781618294941012,0.41151584532254437,0.31032232518335445
4,22,0.2967858833998067,0.37396713633238404,0.3292469802678092
4,23,0.3068331387399915,0.3738811424275841,0.31928571883242446
4,24,0.3002482741832107,0.3571486581297306,0.3426030676870587
4,25,0.28618567647180915,0.3681455960596962,0.34566872746849464
4,26,0.2695741454860142,0.37479644501320697,0.3556294095007787
4,27,0.284459171165715,0.3614126287215155,0.3541282001127696
4,28,0.27155269051516223,0.3799617968083127,0.34848551267652506
4,29,0.2669385053961461,0.3795046223698523,0.3535568722340016
4,30,0.2688215143707629,0.3814763157515344,0.34970216987770264
4,31,0.29422130798999685,0.3639926822853745,0.34178600972462864
4,32,0.28693995778787046,0.3693888731276985,0.34367116908443085
4,33,0.29428901174839517,0.38632948619691476,0.31938150205468996
4,34,0.2971806777187315,0.36254888371805816,0.3402704385632104
4,35,0.28890373647627604,0.36880052745321046,0.3422957360705135
4,36,0.2683398722830495,0.3783856397198376,0.353274487997113
4,37,0.2861587286674412,0.3619219118550603,0.3519193594774985
4,38,0.2737459894138841,0.3560815095035643,0.3701725010825517
4,39,0.26851662904900064,0.36813093484698445,0.3633524361040149
4,40,0.27906515333734305,0.3699928796888992,0.3509419669737577
4,41,0.2865215190453556,0.36292483552631954,0.3505536454283249
4,42,0.2823361606503824,0.35579917454581644,0.36186466480380103
4,43,0.29716519371923283,0.34724876743963595,0.35558603884113105
4,44,0.2779376507683644,0.3461725659838523,0.37588978324778327
4,45,0.2713691750402153,0.3644961133222838,0.3641347116375009
4,46,0.2855066663627661,0.3298998458210586,0.3845934878161753
4,47,0.28058471769722304,0.3300023938246761,0.38941288847810074
4,48,0.26510110637833156,0.3662275573475562,0.3686713362741122
4,49,0.306677938148132,0.33156675385563256,0.36175530799623556
4,50,0.2725405896196957,0.3606977470091253,0.36676166337117894
4,51,0.2704026285437583,0.3409488841369077,0.3886484873193339
4,52,0.27274102218335694,0.33897280076389064,0.3882861770527524
4,53,0.28407683728754457,0.3312719964098858,0.3846511663025696
4,54,0.27190176242957587,0.3403942725925593,0.38770396497786475
4,55,0.28455251098012696,0.339908186738482,0.37553930228139104
4,56,0.26879556864029375,0.349840660249493,0.3813637711102132
4,57,0.27431394429499106,0.34180075824806166,0.38388529745694727
4,58,0.2807563239526715,0.334064484365153,0.38517919168217557
4,59,0.26943304004862434,0.33796695940199795,0.3926000005493778
4,60,0.25639611976235893,0.3456314690456617,0.39797241119197935
4,61,0.270110270616197,0.34951068292628046,0.3803790464575227
4,62,0.2505478702608362,0.3707305366130041,0.37872159312615983
4,63,0.2750090571704151,0.3112102977251405,0.4137806451044444
4,64,0.26032343675904046,0.35085012305015284,0.3888264401908068
4,65,0.29119509621468037,0.34489826813228014,0.36390663565303955
4,66,0.2588047584208432,0.34457122510698945,0.3966240164721673
4,67,0.2835566726185222,0.3249666503982435,0.3914766769832343
4,68,0.2602609859790901,0.30752763892635826,0.43221137509455165
4,69,0.27601514924867754,0.3340642353212847,0.38992061543003764
4,70,0.2954553243865889,0.315075614395317,0.38946906121809416
4,71,0.2555906251291495,0.31671478077287646,0.4276945940979741
4,72,0.2749743543137563,0.3154790183113999,0.4095466273748438
4,73,0.2930643631516277,0.322830071565906,0.3841055652824662
4,74,0.2608256171300008,0.32386818957851177,0.41530619329148755
4,75,0.2638245232548459,0.33697118656176456,0.3992042901833895
4,76,0.273442413105722,0.33326694963079706,0.39329063726348107
4,77,0.2565470793891288,0.3096555973413137,0.43379732326955756
4,78,0.23929858717714617,0.32601447991448645,0.43468693290836735
4,79,0.27561091027844636,0.3108674382066132,0.41352165151494036
4,80,0.23744716037655172,0.3269070885829491,0.4356457510404991
4,81,0.25621407325213663,0.30772659662638835,0.43605933012147496
4,82,0.2664217027937895,0.3110328452284756,0.42254545197773485
4,83,0.25287452276899486,0.33247493072636203,0.4146505465046431
4,84,0.251486432236412,0.3081916417888476,0.44032192597474035
4,85,0.2637175091995067,0.32529082597435244,0.41099166482614075
4,86,0.2472351618394102,0.31927156916390675,0.43349326899668306
4,87,0.240689337766962,0.3196715329902939,0.4396391292427442
4,88,0.26537183672494596,0.29188763763820763,0.44274052563684635
4,89,0.25714595751556385,0.28841993108424946,0.4544341114001867
4,90,0.2380775892355199,0.3141386630430163,0.4477837477214638
4,91,0.26391726981905156,0.3203183048189145,0.41576442536203395
4,92,0.26676381186940623,0.3041383528251203,0.42909783530547346
4,93,0.24418863896214857,0.32650524336825276,0.4293061176695987
4,94,0.23997606305665733,0.30565671290071983,0.45436722404262275
4,95,0.2641862760629219,0.29614362248905945,0.43967010144801855
4,96,0.2653387999854611,0.2989505362418356,0.43571066377270345
4,97,0.24078074457350646,0.3309445900597355,0.428274665366758
4,98,0.26486214824339516,0.28729261831132247,0.4478452334452824
4,99,0.2536396622145675,0.30216014830439575,0.44420018948103684
5,0,0.31604503989901217,0.39128344804209053,0.29267151205889724
5,1,0.3008127713818453,0.39431250078665625,0.3048747278314985
5,2,0.29046865980580605,0.3891997906427988,0.3203315495513951
5,3,0.32030418966503543,0.3697001689968453,0.3099956413381193
5,4,0.2965758813790472,0.385305723189007,0.3181183954319457
5,5,0.29150112718889176,0.39709782668478477,0.3114010461263235
5,6,0.32087396291708237,0.38718159191437196,0.2919444451685457
5,7,0.29767841683803753,0.3804606259619373,0.32186095720002517
5,8,0.2999881671840985,0.4046355531931871,0.2953762796227144
5,9,0.2890059904583758,0.3791307410750494,0.3318632684665748
5,10,0.30292560224414855,0.3759005484024203,0.32117384935343113
5,11,0.30508482725157116,0.3715953680911816,0.3233198046572472
5,12,0.3068836734538662,0.3505870837467299,0.3425292427994039
5,13,0.32080446444380234,0.38694132417516175,0.2922542113810359
5,14,0.2781889146088815,0.3916399081262817,0.3301711772648369
5,15,0.30364146876820425,0.3935077921315692,0.3028507391002264
5,16,0.28317412940846914,0.40766645830909687,0.309159412282434
5,17,0.28161509495896825,0.38873743272327677,0.32964747231775504
5,18,0.2929650160997014,0.3861692858429065,0.3208656980573921
5,19,0.28995064260684966,0.39245433551016207,0.31759502188298816
5,20,0.28611691026573677,0.3879313510792195,0.3259517386550437
5,21,0.2881616857460969,0.36169301671837356,0.3501452975355295
5,22,0.29697765980174784,0.38600983460401933,0.3170125055942327
5,23,0.2901002373005611,0.3698101241963164,0.34008963850312235
5,24,0.29603449543324234,0.36824907367752174,0.3357164308892359
5,25,0.29114389920949163,0.37024795610108696,0.33860814468942135
5,26,0.30404445228884847,0.3737668409536774,0.322188706757474
5,27,0.2928254450697834,0.3786398115501908,0.32853474338002575
5,28,0.28672776974966296,0.3789842727026821,0.33428795754765495
5,29,0.29097459072906073,0.38841000126141517,0.320615408009524
5,30,0.2666192591277088,0.38216244211574923,0.351218298756542
5,31,0.27062881878802986,0.36500578293496794,0.36436539827700215
5,32,0.3042823533488778,0.3495023055645937,0.3462153410865285
5,33,0.2779319154608164,0.3671509620449348,0.3549171224942489
5,34,0.2730338191021779,0.38796192328638784,0.33900425761143427
5,35,0.27685316988352365,0.3443183016815049,0.37882852843497145
5,36,0.2785003086439953,0.3621497507201134,0.3593499406358914
5,37,0.30171329905874034,0.36028271777586396,0.33800398316539576
5,38,0.294625866715423,0.3545602125519237,0.3508139207326533
5,39,0.2823074769077228,0.34741528441484654,0.3702772386774306
5,40,0.3150018139819226,0.36321941191436613,0.3217787741037112
5,41,0.26720879955305493,0.36510281948647966,0.36768838096046524
5,42,0.2776726946482319,0.3521013256432797,0.3702259797084884
5,43,0.24299757341215442,0.3760419770032983,0.38096044958454733
5,44,0.2780166949250459,0.352265896680833,0.36971740839412104
5,45,0.2905408489820848,0.36654232052169683,0.34291683049621846
5,46,0.29106010010607153,0.3427647463649264,0.36617515352900204
5,47,0.266047095444463,0.3608410203253023,0.3731118842302348
5,48,0.2805806045445829,0.34899701019962315,0.370422385255794
5,49,0.279324185529831,0.3457325487218881,0.374943265748281
5,50,0.28251952425745835,0.3195826425120822,0.3978978332304594
5,51,0.24658391859641196,0.33617270124999743,0.4172433801535905
5,52,0.27408280382321765,0.3494421221724734,0.3764750740043088
5,53,0.2933364846078978,0.3254446690906494,0.38121884630145275
5,54,0.2651435370861302,0.34614826654141456,0.38870819637245524
5,55,0.2679791224576506,0.3430778273566328,0.3889430501857165
5,56,0.2581319539069471,0.33588822830472326,0.4059798177883296
5,57,0.2504226746659937,0.3574017351623275,0.3921755901716788
5,58,0.2806102500407861,0.3388442024233426,0.3805455475358713
5,59,0.2599489511455881,0.3421232290722176,0.3979278197821943
5,60,0.291914910588364,0.3230834630012428,0.3850016264103932
5,61,0.2770104016109681,0.3238639213217815,0.3991256770672503
5,62,0.2657348556745395,0.3293310271289339,0.40493411719652656
5,63,0.27328259889643625,0.3071788576415248,0.4195385434620389
5,64,0.27659208071185576,0.3379956934253458,0.3854122258627985
5,65,0.27711831409389304,0.3427287148809998,0.38015297102510703
5,66,0.26608034061507085,0.3416161351057356,0.3923035242791935
5,67,0.2883572114864556,0.3255981784983379,0.3860446100152065
5,68,0.26852977411502754,0.32130002997767915,0.4101701959072933
5,69,0.25293616982742684,0.3342503607290191,0.412813469443554
5,70,0.2539636447869445,0.32914661967110576,0.4168897355419498
5,71,0.26419643604601617,0.32686581421134836,0.4089377497426355
5,72,0.2466752782540254,0.333046071579085,0.4202786501668896
5,73,0.2395958547781102,0.3384674966334461,0.42193664858844354
5,74,0.2745105145612013,0.32020000384807207,0.40528948159072664
5,75,0.25910169285883755,0.3247986039427513,0.4160997031984112
5,76,0.24482752174240563,0.3285593792653561,0.42661309899223837
5,77,0.258177284084509,0.32234340314938253,0.41947931276610834
5,78,0.27770941743866046,0.29611819397813843,0.42617238858320106
5,79,0.2726628910088931,0.3030869788178741,0.42425013017323265
5,80,0.25501148439727483,0.3228107717796987,0.4221777438230265
5,81,0.2505921307381454,0.3228861455566647,0.4265217237051899
5,82,0.2709262628469945,0.30327394037279515,0.42579979678021035
5,83,0.26237556294072745,0.314551383918196,0.42307305314107646
5,84,0.262996101250156,0.3112616280122931,0.4257422707375509
5,85,0.2568753138191213,0.30213123303495626,0.4409934531459224
5,86,0.2495161107468726,0.3218434323167369,0.4286404569363906
5,87,0.25005736442136617,0.3165614010764522,0.4333812345021817
5,88,0.25222051769125675,0.30968117114007276,0.4380983111686706
5,89,0.26910983532480287,0.28771480624515183,0.4431753584300453
5,90,0.24449833930766102,0.29770956383856534,0.4577920968537737
5,91,0.23780939691298092,0.3129966019895379,0.4491940010974812
5,92,0.2503813850913858,0.32785888351423,0.4217597313943842
5,93,0.2659769042305548,0.3033432823777837,0.43067981339166145
5,94,0.23366940461041055,0.31526091776628573,0.4510696776233038
5,95,0.27178790543586057,0.2969909058333149,0.4312211887308246
5,96,0.25325955485952095,0.2847382761749011,0.4620021689655779
5,97,0.2366108354670451,0.31206784578846425,0.4513213187444908
5,98,0.22703171153793952,0.3153718484036933,0.4575964400583671
5,99,0.25138785526199586,0.29968231684366636,0.44892982789433783
6,0,0.2815628271257836,0.4001808719572559,0.31825630091696044
6,1,0.3184562217310443,0.4020105503093522,0.2795332279596035
6,2,0.2899721894128258,0.39186599679219564,0.31816181379497854
6,3,0.28674788818062846,0.39706180623123044,0.3161903055881411
6,4,0.29842988632934486,0.4160013630595822,0.28556875061107284
6,5,0.3108148968398651,0.38266578924941025,0.30651931391072457
6,6,0.30203312280161015,0.3755184604155544,0.32244841678283537
6,7,0.2977813675377926,0.40304058282294125,0.2991780496392661
6,8,0.2978898237397934,0.38623693749174215,0.3158732387684645
6,9,0.29933039676124934,0.37195388975030763,0.3287157134884431
6,10,0.27791630194853956,0.42315228937154803,0.29893140867991247
6,11,0.2831851662493664,0.39386616082016535,0.3229486729304682
6,12,0.2934424592649172,0.383105644210912,0.32345189652417095
6,13,0.29711206852195265,0.39254260927336687,0.3103453222046804
6,14,0.28935661307795063,0.40655181761899933,0.30409156930305004
6,15,0.3078234918261266,0.36590203044679637,0.326274477727077
6,16,0.28500133754485196,0.38302480564317226,0.3319738568119757
6,17,0.2857404560239362,0.39463837013866326,0.3196211738374005
6,18,0.29259050607851883,0.38886622691090794,0.31854326701057323
6,19,0.3119512294857153,0.3556617339316969,0.33238703658258795
6,20,0.2972340073989191,0.37831700044627825,0.32444899215480266
6,21,0.3200050183533108,0.376595606262661,0.3033993753840282
6,22,0.28847596675163745,0.3900423204904043,0.3214817127579582
6,23,0.2827612571860924,0.36852697472419893,0.3487117680897085
6,24,0.27200769032095307,0.38479140315688254,0.3432009065221644
6,25,0.27772752640078074,0.3691638760356044,0.35310859756361473
6,26,0.28415252715423855,0.3678160293791431,0.3480314434666184
6,27,0.2805429214417162,0.3753504238021015,0.34410665475618235
6,28,0.28352340734859205,0.38215745591582867,0.33431913673557934
6,29,0.2839597355035476,0.38044707281300344,0.3355931916834489
6,30,0.28709844465436085,0.3733238229241059,0.33957773242153333
6,31,0.2975718802308962,0.3654871633194544,0.3369409564496494
6,32,0.28392530394788795,0.38622481641146655,0.32984987964064555
6,33,0.31157402965310443,0.3541639160930396,0.334262054253856
6,34,0.2654978441200885,0.3764157101613603,0.3580864457185512
6,35,0.28420803777188963,0.3573937814157775,0.3583981808123328
6,36,0.2691454869247509,0.3867990511773406,0.3440554618979084
6,37,0.29883609831192326,0.3547459779246234,0.34641792376345343
6,38,0.2530775351695424,0.3566473968226688,0.39027506800778883
6,39,0.265553078311237,0.3786861048868943,0.3557608168018687
6,40,0.2772560539881389,0.3595843968608318,0.3631595491510293
6,41,0.2963824166361637,0.3560628068671465,0.3475547764966898
6,42,0.2801190059403854,0.3583545957032938,0.36152639835632083
6,43,0.2659248561617918,0.35064675628459535,0.38342838755361286
6,44,0.26359254221497774,0.3852695176085122,0.35113794017651
6,45,0.2911863840285911,0.3543422918796979,0.35447132409171106
6,46,0.25993132072492875,0.3634069106308384,0.37666176864423284
6,47,0.2609820907578481,0.3431067064170579,0.3959112028250941
6,48,0.2902389545768168,0.3485412202260702,0.361219825197113
6,49,0.285073230075509,0.34695932670869334,0.36796744321579766
6,50,0.27483923862828435,0.3426998413378148,0.38246092003390075
6,51,0.2548497042599232,0.35865206285438284,0.38649823288569385
6,52,0.258416923509868,0.3609239589628566,0.3806591175272753
6,53,0.2837586175332275,0.33372602283421815,0.3825153596325543
6,54,0.2655215694936046,0.3557596065485241,0.37871882395787115
6,55,0.27806850993884225,0.35326353508427744,0.3686679549768802
6,56,0.2855068487702234,0.3247718041030556,0.38972134712672113
6,57,0.24891289232127942,0.3537917038476541,0.3972954038310664
6,58,0.2841723091280657,0.31938816447457513,0.3964395263973592
6,59,0.2548920340316691,0.35783388490667584,0.3872740810616552
6,60,0.28791103906598886,0.3233660859877371,0.3887228749462741
6,61,0.2590898427103324,0.33126409464273066,0.40964606264693704
6,62,0.2596564787814197,0.3452679525746419,0.3950755686439384
6,63,0.25896334998208187,0.35185122203545827,0.38918542798246
6,64,0.25134321888173494,0.3442807678733209,0.4043760132449442
6,65,0.2643348699563068,0.339446180490966,0.3962189495527273
6,66,0.2622827803141372,0.34231595417620564,0.39540126550965704
6,67,0.27716931354490876,0.33090114317397545,0.39192954328111596
6,68,0.2748142636882804,0.33205983731732663,0.3931258989943929
6,69,0.28060616123217635,0.3163427499224381,0.40305108884538565
6,70,0.27938715846123335,0.31439880026857986,0.4062140412701868
6,71,0.28037725465860586,0.3265718531814505,0.39305089215994365
6,72,0.2860202822577467,0.33255167143383274,0.38142804630842053
6,73,0.26297505579475017,0.33429550603579294,0.40272943816945683
6,74,0.24132510989712536,0.32428970817248326,0.43438518193039133
6,75,0.2655490403725466,0.31990582242291193,0.41454513720454145
6,76,0.24688699508236336,0.3188145238442377,0.4342984810733991
6,77,0.28716308941832586,0.30345821469112244,0.4093786958905517
6,78,0.2774247056978021,0.31098921258042905,0.41158608172176886
6,79,0.28364977675440234,0.3105240322742345,0.4058261909713633
6,80,0.25479835683368385,0.3179373269805459,0.4272643161857705
6,81,0.26529604513367555,0.3130504629959786,0.4216534918703458
6,82,0.25203409868446097,0.3021349209808315,0.4458309803347075
6,83,0.2708952865748384,0.29472322253422306,0.43438149089093847
6,84,0.23663047726602732,0.3501004093837464,0.4132691133502262
6,85,0.23353187605421652,0.31702425683628804,0.44944386710949547
6,86,0.25241683812937105,0.31497505810599613,0.43260810376463277
6,87,0.23325208208308637,0.3185427575800751,0.4482051603368386
6,88,0.27187744773014716,0.30986015357187197,0.41826239869798093
6,89,0.27591990353421136,0.3107447853735062,0.41333531109228233
6,90,0.2389710939995315,0.30953479202663015,0.45149411397383843
6,91,0.26766230894371373,0.30510055498433675,0.4272371360719497
6,92,0.26265559459356286,0.3020674826008971,0.43527692280554015
6,93,0.2294564420307136,0.30134289996361713,0.46920065800566935
6,94,0.24386117957477008,0.3052146037049649,0.45092421672026506
6,95,0.2414984931966963,0.3174792570475321,0.4410222497557716
6,96,0.2654531698229601,0.3058288102741082,0.4287180199029317
6,97,0.2388271646970548,0.30989519645875435,0.45127763884419086
6,98,0.2428996706283718,0.30923816316445485,0.4478621662071733
6,99,0.2429751661622474,0.3187019195713617,0.438322914266391
7,0,0.3216039487061336,0.3928263106764585,0.2855697406174079
7,1,0.2998124167997225,0.39583765785864,0.3043499253416376
7,2,0.29354921283446417,0.3896855563498323,0.31676523081570357
7,3,0.29170205082133505,0.4010346366928077,0.3072633124858572
7,4,0.3096518818689608,0.393533170890863,0.29681494724017615
7,5,0.2850030803909064,0.42676261481135425,0.28823430479773937
7,6,0.3153731729805,0.3813695784951417,0.30325724852435837
7,7,0.30854502409408574,0.38477311010028653,0.30668186580562773
7,8,0.3073736885196961,0.3934546742264079,0.299171637253896
7,9,0.264231872671895,0.41916249558294744,0.3166056317451576
7,10,0.30418164744522036,0.3806197597894166,0.315198592765363
7,11,0.31150882083199477,0.3749231792139318,0.3135679999540735
7,12,0.3065333638952749,0.37165308212505554,0.3218135539796696
7,13,0.28518582790526714,0.3927205230536821,0.3220936490410508
7,14,0.2838963298954773,0.39052965782949434,0.3255740122750283
7,15,0.28464500127250836,0.37654552358550214,0.3388094751419895
7,16,0.29290995369414907,0.38908204216389414,0.3180080041419568
7,17,0.3044819610390828,0.37288455281431426,0.32263348614660303
7,18,0.2712525839047254,0.38736574990122713,0.34138166619404753
7,19,0.2952827035048137,0.37909276274079795,0.32562453375438843
7,20,0.2677282891921697,0.3924276444748343,0.3398440663329961
7,21,0.275947565985039,0.3903187621217662,0.33373367189319475
7,22,0.26128449710882196,0.39483366775131795,0.34388183513986015
